$ 3 0.000005 10.20027730826997 50 5 50
156 -992 -448 -944 -448 0 0
156 -864 -448 -832 -448 0 5
156 -736 -448 -704 -448 0 0
156 -608 -448 -592 -448 0 5
w -608 -448 -624 -448 0
w -624 -448 -624 -384 0
w -624 -384 -608 -384 0
w -752 -384 -736 -384 0
w -752 -384 -752 -448 0
w -752 -448 -736 -448 0
w -864 -448 -880 -448 0
w -880 -448 -880 -384 0
w -880 -384 -864 -384 0
w -992 -448 -1008 -448 0
w -1008 -448 -1008 -384 0
w -1008 -384 -992 -384 0
w -512 -448 -512 -528 0
w -640 -448 -640 -608 0
w -896 -448 -896 -560 0
R -1008 -448 -1040 -448 0 0 40 5 0 0 0.5
w -992 -416 -992 -336 0
w -896 -448 -880 -448 0
w -992 -336 -864 -336 0
w -864 -336 -864 -416 0
w -736 -416 -736 -336 0
w -736 -336 -864 -336 0
w -736 -336 -608 -336 0
w -608 -336 -608 -416 0
150 -736 -520 -736 -448 1 2 0 5
w -768 -448 -768 -584 0
w -768 -584 -744 -584 0
w -744 -584 -744 -520 0
w -728 -560 -728 -520 0
w -896 -560 -728 -560 0
150 -608 -520 -608 -448 1 3 0 5
w -728 -560 -600 -560 0
w -600 -560 -600 -520 0
w -744 -584 -608 -584 0
w -608 -584 -608 -520 0
w -640 -608 -616 -608 0
w -616 -608 -616 -520 0
r -496 -584 -440 -584 0 2000
r -496 -560 -440 -560 0 2000
r -496 -608 -440 -608 0 2000
w -616 -608 -560 -608 0
w -608 -584 -560 -584 0
w -600 -560 -560 -560 0
r -360 -624 -360 -568 0 1000
w -440 -608 -384 -608 0
w -384 -624 -360 -624 0
w -360 -568 -384 -568 0
w -384 -568 -384 -584 0
w -384 -584 -440 -584 0
w -384 -608 -384 -624 0
r -360 -568 -360 -512 0 1000
w -360 -624 -360 -680 0
w -360 -512 -392 -512 0
w -392 -512 -392 -560 0
w -392 -560 -440 -560 0
r -360 -512 -360 -456 0 2000
g -360 -456 -360 -440 0
a -304 -664 -224 -664 8 15 -15 1000000 1.4500161932547257 1.45 100000
r -304 -736 -224 -736 0 2000
w -360 -680 -304 -680 0
w -304 -680 -304 -736 0
w -224 -736 -224 -664 0
w -224 -664 -208 -664 0
a -1160 -680 -1080 -680 8 15 -15 1000000 -0.000017775645021756495 0 100000
c -1160 -728 -1080 -728 0 0.000001 -1.7775822778206711
r -1224 -696 -1160 -696 0 1000
g -1160 -664 -1160 -656 0
a -1080 -664 -992 -664 8 15 -15 1000000 1.7775645021756494 -2.1429131475378527 100000
r -1080 -600 -1080 -544 0 1000
r -1080 -600 -992 -600 0 6000
w -992 -600 -992 -616 0
w -1080 -600 -1080 -648 0
w -1080 -728 -1080 -680 0
w -1160 -728 -1160 -696 0
g -1080 -544 -1080 -536 0
w -992 -664 -976 -664 0
a -1304 -696 -1224 -696 8 15 -15 1000000 2.4499755003725427 2.4499999998825497 100000
r -1304 -712 -1400 -712 0 2000
r -1304 -680 -1352 -680 0 1000
r -1352 -680 -1400 -680 0 1000
w -1400 -680 -1400 -712 0
t -1328 -616 -1352 -616 0 1 -17.450392032514074 -15.000392032631524 100
g -1352 -600 -1352 -576 0
w -1352 -680 -1352 -632 0
r -1328 -616 -1256 -616 0 1000
w -1256 -616 -992 -616 0
w -992 -616 -992 -664 0
172 -1400 -712 -1400 -752 0 7 2.45 5 0 0 0.5 Voltage
r -1304 -752 -1224 -752 0 2000
w -1224 -752 -1224 -696 0
w -1304 -752 -1304 -712 0
t -1072 -312 -1040 -312 0 1 -20.000192589314967 -15.000192589434967 100
r -1040 -328 -1040 -384 0 1000
r -1072 -312 -1072 -384 0 1000
w -1072 -496 -1056 -432 0
w -1072 -496 -992 -496 0
w -992 -496 -992 -600 0
w -1040 -384 -1008 -384 0
w -1040 -328 -992 -328 0
w -992 -328 -992 -336 0
g -1040 -296 -1040 -280 0
r -304 -736 -376 -736 0 8000
w -376 -736 -568 -736 0
w -928 -728 -1080 -728 0
w -832 -768 -832 -728 0
r -832 -768 -752 -768 0 2000
r -992 -616 -928 -616 0 1000
g -880 -632 -880 -592 0
w -928 -696 -928 -728 0
r -880 -696 -928 -696 0 1000
r -832 -696 -880 -696 0 1000
r -832 -728 -928 -728 0 2000
a -832 -712 -752 -712 8 15 -15 1000000 1.777546549005077 1.7775643242910353 100000
w -752 -768 -752 -712 0
w -928 -616 -928 -648 0
w -752 -768 -568 -768 0
w -568 -768 -568 -736 0
t -928 -648 -896 -648 0 -1 -0.6641818296891284 -0.6639244647055373 100
154 -544 -608 -496 -608 1 2 5 5
154 -544 -584 -496 -584 1 2 0 5
154 -544 -560 -496 -560 1 2 5 5
w -560 -560 -560 -568 0
w -560 -568 -544 -568 0
w -560 -584 -560 -592 0
w -560 -592 -544 -592 0
w -560 -608 -560 -616 0
w -560 -616 -544 -616 0
w -544 -600 -544 -576 0
w -544 -576 -544 -552 0
w -512 -528 -544 -528 0
w -544 -528 -544 -552 0
172 -304 -648 -304 -608 0 7 1.45 5 0 0 0.5 Voltage
160 -880 -696 -880 -664 0 20 10000000000
t -848 -648 -864 -648 0 1 -2.441746153978115 -0.6641818296891284 100
w -896 -632 -880 -632 0
w -880 -632 -864 -632 0
w -848 -648 -928 -648 0
w -544 -600 -544 -680 0
w -864 -680 -544 -680 0
w -1336 -472 -1336 -432 0
r -1336 -472 -1256 -472 0 2000
r -1360 -336 -1288 -336 0 1000
w -1384 -400 -1384 -352 0
g -1384 -320 -1384 -296 0
t -1360 -336 -1384 -336 0 1 -16.77795653469106 -15.000392032632192 100
w -1432 -400 -1432 -432 0
r -1384 -400 -1432 -400 0 1000
r -1336 -400 -1384 -400 0 1000
r -1336 -432 -1432 -432 0 2000
a -1336 -416 -1256 -416 8 15 -15 1000000 1.7775467267693565 1.77756450205887 100000
w -1256 -472 -1256 -416 0
w -1072 -496 -1120 -496 0
w -1120 -496 -1120 -336 0
w -1080 -680 -1080 -664 0
w -1080 -664 -1104 -664 0
w -1104 -664 -1104 -504 0
w -1104 -504 -1432 -504 0
w -1432 -504 -1432 -432 0
w -1256 -416 -1240 -416 0
a -1240 -400 -1160 -400 8 15 -15 1000000 1.7775289513630625 -0.14851675831258385 100000
w -1120 -336 -1288 -336 0
r -1240 -352 -1240 -304 0 1000
r -1240 -352 -1160 -352 0 100000
w -1160 -352 -1160 -400 0
w -1240 -352 -1240 -384 0
g -1240 -304 -1240 -296 0
w -1160 -400 -1088 -432 0
S -1072 -384 -1072 -432 0 0 false 0 2
154 -472 -680 -424 -680 1 2 0 5
r -424 -680 -360 -680 0 8000
w -472 -672 -472 -336 0
w -472 -336 -608 -336 0
w -472 -688 -544 -688 0
w -544 -688 -544 -680 0
M 552 -664 576 -664 2 2.5
w 112 -744 144 -744 0
w 112 -648 144 -648 0
w 112 -744 112 -648 0
w 48 -744 112 -744 0
w 80 -680 144 -680 0
w 80 -776 144 -776 0
w 80 -680 80 -776 0
w 48 -680 80 -680 0
L 48 -680 0 -680 2 0 false 5 0
150 144 -760 288 -760 0 2 0 5
154 144 -664 288 -664 0 2 0 5
152 416 -552 544 -552 0 2 0 5
150 288 -536 416 -536 0 2 0 5
150 96 -584 240 -584 0 2 0 5
M 528 -504 576 -504 2 2.5
w 528 -456 528 -504 0
w 416 -456 528 -456 0
w 256 -520 256 -440 0
w 288 -520 256 -520 0
w 416 -584 416 -568 0
w 64 -568 64 -424 0
w 96 -568 64 -568 0
L 64 -424 0 -424 2 0 false 5 0
w 32 -456 96 -456 0
w 32 -600 32 -456 0
w 96 -600 32 -600 0
w 64 -424 96 -424 0
w 240 -584 416 -584 0
w 224 -552 224 -488 0
w 224 -488 96 -488 0
w 224 -472 224 -488 0
w 288 -472 224 -472 0
w 288 -552 224 -552 0
w 256 -440 288 -440 0
w 224 -440 256 -440 0
154 288 -456 416 -456 0 2 5 5
154 96 -440 224 -440 0 2 5 5
152 416 -336 544 -336 0 2 0 5
150 288 -320 416 -320 0 2 0 5
150 96 -368 240 -368 0 2 0 5
M 528 -288 576 -288 2 2.5
w 528 -240 528 -288 0
w 416 -240 528 -240 0
w 256 -304 256 -224 0
w 288 -304 256 -304 0
w 416 -368 416 -352 0
w 64 -352 64 -208 0
w 96 -352 64 -352 0
L 64 -208 0 -208 2 1 false 5 0
w 32 -240 96 -240 0
w 32 -384 32 -240 0
w 96 -384 32 -384 0
w 64 -208 96 -208 0
w 240 -368 416 -368 0
w 224 -336 224 -272 0
w 224 -272 96 -272 0
w 224 -256 224 -272 0
w 288 -256 224 -256 0
w 288 -336 224 -336 0
w 256 -224 288 -224 0
w 224 -224 256 -224 0
154 288 -240 416 -240 0 2 5 5
154 96 -224 224 -224 0 2 5 5
152 416 -104 544 -104 0 2 5 5
150 288 -88 416 -88 0 2 0 5
150 96 -136 240 -136 0 2 5 5
M 528 -56 576 -56 2 2.5
w 528 -8 528 -56 0
w 416 -8 528 -8 0
w 256 -72 256 8 0
w 288 -72 256 -72 0
w 416 -136 416 -120 0
w 64 -120 64 24 0
w 96 -120 64 -120 0
L 64 24 0 24 2 1 false 5 0
w 32 -8 96 -8 0
w 32 -152 32 -8 0
w 96 -152 32 -152 0
w 64 24 96 24 0
w 240 -136 416 -136 0
w 224 -104 224 -40 0
w 224 -40 96 -40 0
w 224 -24 224 -40 0
w 288 -24 224 -24 0
w 288 -104 224 -104 0
w 256 8 288 8 0
w 224 8 256 8 0
154 288 -8 416 -8 0 2 0 5
154 96 8 224 8 0 2 0 5
w 96 -488 96 -624 0
w 96 -624 288 -624 0
w 288 -760 288 -624 0
w 96 -272 96 -400 0
w 96 -400 544 -400 0
w 544 -400 544 -552 0
w 96 -40 96 -176 0
w 96 -176 544 -176 0
w 544 -176 544 -336 0
w -888 -448 -888 -288 0
w -888 -288 -176 -288 0
w -176 -288 -176 -744 0
w -176 -744 48 -744 0
w -760 -448 -760 -256 0
w -760 -256 -144 -256 0
w -144 -256 -144 -456 0
w -144 -456 32 -456 0
w -632 -448 -632 -216 0
w -632 -216 -112 -216 0
w -112 -216 -112 -240 0
w -112 -240 32 -240 0
w -512 -448 -512 -184 0
w -512 -184 -80 -184 0
w -80 -184 -80 -8 0
w -80 -8 32 -8 0
w 1336 -384 1336 -48 0
w 1304 -624 1304 -616 0
w 1376 -624 1304 -624 0
w 1376 -608 1376 -272 0
r 1424 -616 1488 -616 0 8000
154 1376 -616 1424 -616 1 2 5 5
w 984 -616 1304 -616 0
w 1304 -536 1304 -616 0
w 1000 -584 920 -584 0
w 968 -568 984 -568 0
w 952 -568 968 -568 0
t 1000 -584 984 -584 0 1 -0.7006809856675718 -0.6641507848032395 100
160 968 -632 968 -600 0 20 10000000000
172 1544 -584 1544 -544 0 7 1.45 5 0 0 0.5 Voltage
w 1304 -464 1304 -488 0
w 1336 -464 1304 -464 0
w 1304 -512 1304 -488 0
w 1304 -536 1304 -512 0
w 1288 -552 1304 -552 0
w 1288 -544 1288 -552 0
w 1288 -528 1304 -528 0
w 1288 -520 1288 -528 0
w 1288 -504 1304 -504 0
w 1288 -496 1288 -504 0
154 1304 -496 1352 -496 1 2 0 5
154 1304 -520 1352 -520 1 2 5 5
154 1304 -544 1352 -544 1 2 5 5
t 920 -584 952 -584 0 -1 -0.6641507848032395 -0.6668874465894169 100
w 1280 -704 1280 -672 0
w 1096 -704 1280 -704 0
w 920 -552 920 -584 0
w 1096 -704 1096 -648 0
a 1016 -648 1096 -648 8 15 -15 1000000 0.037554232234569586 0.03753720767419251 100000
r 1016 -664 920 -664 0 2000
r 1016 -632 968 -632 0 1000
r 968 -632 920 -632 0 1000
w 920 -632 920 -664 0
g 968 -568 968 -528 0
r 856 -552 920 -552 0 1000
r 1016 -704 1096 -704 0 2000
w 1016 -704 1016 -664 0
w 920 -664 760 -664 0
w 1472 -672 1280 -672 0
r 1544 -672 1472 -672 0 8000
w 1624 -600 1640 -600 0
w 1624 -672 1624 -600 0
w 1544 -616 1544 -672 0
w 1488 -616 1544 -616 0
r 1544 -672 1624 -672 0 2000
a 1544 -600 1624 -600 8 15 -15 1000000 1.4500324927226604 1.45 100000
g 1488 -392 1488 -376 0
r 1488 -448 1488 -392 0 2000
w 1456 -496 1408 -496 0
w 1456 -448 1456 -496 0
w 1488 -448 1456 -448 0
w 1488 -560 1488 -616 0
r 1488 -504 1488 -448 0 1000
w 1464 -544 1464 -560 0
w 1464 -520 1408 -520 0
w 1464 -504 1464 -520 0
w 1488 -504 1464 -504 0
w 1464 -560 1488 -560 0
w 1408 -544 1464 -544 0
r 1488 -560 1488 -504 0 1000
w 1248 -496 1288 -496 0
w 1240 -520 1288 -520 0
w 1232 -544 1288 -544 0
r 1352 -544 1408 -544 0 2000
r 1352 -496 1408 -496 0 2000
r 1352 -520 1408 -520 0 2000
w 1104 -520 1240 -520 0
w 528 -288 1232 -280 0
w 528 -504 1104 -504 0
w 1336 -384 1336 -464 0
w 528 -56 1336 -48 0
w 1208 -496 1208 -744 0
w 1208 -744 552 -744 0
w 552 -744 552 -664 0
w 288 -664 552 -664 0
w -928 -728 -928 -800 0
w -928 -800 760 -800 0
w 760 -800 760 -664 0
w -1120 -336 -1120 64 0
w -1120 64 864 72 0
w 864 72 856 -552 0
w -992 -328 -992 96 0
w -992 96 1376 104 0
w 1376 104 1376 -272 0
w 1104 -504 1104 -520 0
w 1248 -496 1208 -496 0
w 1232 -544 1232 -280 0
w -896 -448 -888 -448 0
w -760 -448 -768 -448 0
w -632 -448 -640 -448 0
w -648 320 -632 320 0
w -648 368 -648 320 0
w -152 192 -152 272 0
O -152 192 -104 192 0
r -552 192 -600 192 0 200
w -232 192 -152 192 0
w -312 192 -232 192 0
w -392 192 -312 192 0
w -472 192 -392 192 0
w -552 192 -472 192 0
r -232 272 -232 192 0 120
r -312 272 -312 192 0 330
r -392 272 -392 192 0 470
r -472 272 -472 192 0 1000
r -552 272 -552 192 0 2000
w -168 272 -152 272 0
w -248 272 -232 272 0
w -328 272 -312 272 0
w -408 272 -392 272 0
w -488 272 -472 272 0
w -568 272 -552 272 0
R -168 368 -104 368 0 0 40 -2.4 0 0 0.5
R -152 320 -104 320 0 0 40 2.4 0 0 0.5
r -232 320 -184 320 0 39
r -312 320 -264 320 0 30
w -184 320 -152 320 0
w -264 320 -232 320 0
d -152 272 -152 320 2 default
d -232 272 -232 320 2 default
d -168 368 -168 272 2 default
d -248 368 -248 272 2 default
r -248 368 -168 368 0 39
r -328 368 -248 368 0 30
r -392 320 -344 320 0 47
w -312 320 -344 320 0
d -312 272 -312 320 2 default
d -328 368 -328 272 2 default
r -408 368 -328 368 0 47
r -472 320 -424 320 0 82
r -488 368 -408 368 0 82
w -392 320 -424 320 0
d -392 272 -392 320 2 default
d -408 368 -408 272 2 default
d -472 272 -472 320 2 default
d -488 368 -488 272 2 default
w -504 320 -472 320 0
r -568 368 -488 368 0 33
r -552 320 -504 320 0 33
r -648 368 -568 368 0 100
r -584 320 -632 320 0 100
w -584 320 -552 320 0
d -552 272 -552 320 2 default
d -568 368 -568 272 2 default
w 48 328 64 328 0
w 48 376 48 328 0
w 544 200 544 280 0
O 544 200 592 200 0
r 144 200 96 200 0 200
w 464 200 544 200 0
w 384 200 464 200 0
w 304 200 384 200 0
w 224 200 304 200 0
w 144 200 224 200 0
r 464 280 464 200 0 120
r 384 280 384 200 0 330
r 304 280 304 200 0 470
r 224 280 224 200 0 1000
r 144 280 144 200 0 2000
w 528 280 544 280 0
w 448 280 464 280 0
w 368 280 384 280 0
w 288 280 304 280 0
w 208 280 224 280 0
w 128 280 144 280 0
R 528 376 592 376 0 0 40 -2.4 0 0 0.5
R 544 328 592 328 0 0 40 2.4 0 0 0.5
r 464 328 512 328 0 39
r 384 328 432 328 0 30
w 512 328 544 328 0
w 432 328 464 328 0
d 544 280 544 328 2 default
d 464 280 464 328 2 default
d 528 376 528 280 2 default
d 448 376 448 280 2 default
r 448 376 528 376 0 39
r 368 376 448 376 0 30
r 304 328 352 328 0 47
w 384 328 352 328 0
d 384 280 384 328 2 default
d 368 376 368 280 2 default
r 288 376 368 376 0 47
r 224 328 272 328 0 82
r 208 376 288 376 0 82
w 304 328 272 328 0
d 304 280 304 328 2 default
d 288 376 288 280 2 default
d 224 280 224 328 2 default
d 208 376 208 280 2 default
w 192 328 224 328 0
r 128 376 208 376 0 33
r 144 328 192 328 0 33
r 48 376 128 376 0 100
r 112 328 64 328 0 100
w 112 328 144 328 0
d 144 280 144 328 2 default
d 128 376 128 280 2 default
w -224 -664 -232 136 0
w -232 136 -600 136 0
w -600 136 -600 192 0
w 1624 -600 1632 152 0
w 1632 152 96 152 0
w 96 152 96 200 0
x -92 443 297 446 4 24 CC\sBY-SA\sSantiago\sCalvo\sRamos
o 66 64 0 4099 5 0.00009765625 0 2 66 3
o 337 64 0 4099 10 0.00009765625 0 2 337 3
o 390 64 0 4098 5 0.1 0 1
o 443 64 0 4098 5 0.1 0 1
