$ 3 0.000005 10.20027730826997 50 5 50
156 -992 -216 -944 -216 0 0
156 -864 -216 -832 -216 0 0
156 -736 -216 -704 -216 0 0
156 -608 -216 -592 -216 0 5
w -608 -216 -624 -216 0
w -624 -216 -624 -152 0
w -624 -152 -608 -152 0
w -752 -152 -736 -152 0
w -752 -152 -752 -216 0
w -752 -216 -736 -216 0
w -864 -216 -880 -216 0
w -880 -216 -880 -152 0
w -880 -152 -864 -152 0
w -992 -216 -1008 -216 0
w -1008 -216 -1008 -152 0
w -1008 -152 -992 -152 0
w -512 -216 -512 -296 0
w -640 -216 -640 -376 0
w -896 -216 -896 -328 0
R -1008 -216 -1040 -216 0 0 40 5 0 0 0.5
w -992 -184 -992 -104 0
w -896 -216 -880 -216 0
w -992 -104 -864 -104 0
w -864 -104 -864 -184 0
w -736 -184 -736 -104 0
w -736 -104 -864 -104 0
w -736 -104 -608 -104 0
w -608 -104 -608 -184 0
150 -736 -288 -736 -216 1 2 0 5
w -768 -216 -768 -352 0
w -768 -352 -744 -352 0
w -744 -352 -744 -288 0
w -728 -328 -728 -288 0
w -896 -328 -728 -328 0
150 -608 -288 -608 -216 1 3 0 5
w -728 -328 -600 -328 0
w -600 -328 -600 -288 0
w -744 -352 -608 -352 0
w -608 -352 -608 -288 0
w -640 -376 -616 -376 0
w -616 -376 -616 -288 0
r -496 -352 -440 -352 0 2000
r -496 -328 -440 -328 0 2000
r -496 -376 -440 -376 0 2000
w -616 -376 -560 -376 0
w -608 -352 -560 -352 0
w -600 -328 -560 -328 0
r -360 -392 -360 -336 0 1000
w -440 -376 -384 -376 0
w -384 -392 -360 -392 0
w -360 -336 -384 -336 0
w -384 -336 -384 -352 0
w -384 -352 -440 -352 0
w -384 -376 -384 -392 0
r -360 -336 -360 -280 0 1000
w -360 -392 -360 -448 0
w -360 -280 -392 -280 0
w -392 -280 -392 -328 0
w -392 -328 -440 -328 0
r -360 -280 -360 -224 0 2000
g -360 -224 -360 -208 0
a -304 -432 -224 -432 8 15 -15 1000000 1.4500371316424145 1.45 100000
r -304 -504 -224 -504 0 2000
w -360 -448 -304 -448 0
w -304 -448 -304 -504 0
w -224 -504 -224 -432 0
w -224 -432 -208 -432 0
a -1160 -448 -1080 -448 8 15 -15 1000000 -0.0000015317990323806314 0 100000
c -1160 -496 -1080 -496 0 0.000001 -0.1531814350370955
r -1224 -464 -1160 -464 0 1000
g -1160 -432 -1160 -424 0
a -1080 -432 -992 -432 8 15 -15 1000000 0.15317990323806313 -2.142889941712071 100000
r -1080 -368 -1080 -312 0 1000
r -1080 -368 -992 -368 0 6000
w -992 -368 -992 -384 0
w -1080 -368 -1080 -416 0
w -1080 -496 -1080 -448 0
w -1160 -496 -1160 -464 0
g -1080 -312 -1080 -304 0
w -992 -432 -976 -432 0
a -1304 -464 -1224 -464 8 15 -15 1000000 2.4499755003725423 2.44999999988255 100000
r -1304 -480 -1400 -480 0 2000
r -1304 -448 -1352 -448 0 1000
r -1352 -448 -1400 -448 0 1000
w -1400 -448 -1400 -480 0
t -1328 -384 -1352 -384 0 1 -17.450229591733596 -15.000229591851046 100
g -1352 -368 -1352 -344 0
w -1352 -448 -1352 -400 0
r -1328 -384 -1256 -384 0 1000
w -1256 -384 -992 -384 0
w -992 -384 -992 -432 0
172 -1400 -480 -1400 -520 0 7 2.45 5 0 0 0.5 Voltage
r -1304 -520 -1224 -520 0 2000
w -1224 -520 -1224 -464 0
w -1304 -520 -1304 -480 0
t -1072 -80 -1040 -80 0 1 -20.00003015394295 -15.000030154062953 100
r -1040 -96 -1040 -152 0 1000
r -1072 -80 -1072 -152 0 1000
w -1072 -264 -1056 -200 0
w -1072 -264 -992 -264 0
w -992 -264 -992 -368 0
w -1040 -152 -1008 -152 0
w -1040 -96 -992 -96 0
w -992 -96 -992 -104 0
g -1040 -64 -1040 -48 0
r -304 -504 -376 -504 0 8000
w -376 -504 -568 -504 0
w -928 -496 -1080 -496 0
w -832 -536 -832 -496 0
r -832 -536 -752 -536 0 2000
r -992 -384 -928 -384 0 1000
g -880 -400 -880 -360 0
w -928 -464 -928 -496 0
r -880 -464 -928 -464 0 1000
r -832 -464 -880 -464 0 1000
r -832 -496 -928 -496 0 2000
a -832 -480 -752 -480 8 15 -15 1000000 0.15317835602543153 0.15317988779351965 100000
w -752 -536 -752 -480 0
w -928 -384 -928 -416 0
w -752 -536 -568 -536 0
w -568 -536 -568 -504 0
t -928 -416 -896 -416 0 -1 -0.6641815371469428 -0.6639241718673833 100
154 -544 -376 -496 -376 1 2 5 5
154 -544 -352 -496 -352 1 2 5 5
154 -544 -328 -496 -328 1 2 5 5
w -560 -328 -560 -336 0
w -560 -336 -544 -336 0
w -560 -352 -560 -360 0
w -560 -360 -544 -360 0
w -560 -376 -560 -384 0
w -560 -384 -544 -384 0
w -544 -368 -544 -344 0
w -544 -344 -544 -320 0
w -512 -296 -544 -296 0
w -544 -296 -544 -320 0
172 -304 -416 -304 -376 0 7 1.45 5 0 0 0.5 Voltage
160 -880 -464 -880 -432 0 20 10000000000
t -848 -416 -864 -416 0 1 -0.8173614249384462 -0.6641815371469428 100
w -896 -400 -880 -400 0
w -880 -400 -864 -400 0
w -848 -416 -928 -416 0
w -544 -368 -544 -448 0
w -864 -448 -544 -448 0
w -1336 -240 -1336 -200 0
r -1336 -240 -1256 -240 0 2000
r -1360 -104 -1288 -104 0 1000
w -1384 -168 -1384 -120 0
g -1384 -88 -1384 -64 0
t -1360 -104 -1384 -104 0 1 -15.153409494976254 -15.000229591853344 100
w -1432 -168 -1432 -200 0
r -1384 -168 -1432 -168 0 1000
r -1336 -168 -1384 -168 0 1000
r -1336 -200 -1432 -200 0 2000
a -1336 -184 -1256 -184 8 15 -15 1000000 0.15317837135451537 0.15317990312291008 100000
w -1256 -240 -1256 -184 0
w -1072 -264 -1120 -264 0
w -1120 -264 -1120 -104 0
w -1080 -448 -1080 -432 0
w -1080 -432 -1104 -432 0
w -1104 -432 -1104 -272 0
w -1104 -272 -1432 -272 0
w -1432 -272 -1432 -200 0
w -1256 -184 -1240 -184 0
a -1240 -168 -1160 -168 8 15 -15 1000000 0.15317683947096758 -0.1485151500415738 100000
w -1120 -104 -1288 -104 0
r -1240 -120 -1240 -72 0 1000
r -1240 -120 -1160 -120 0 100000
w -1160 -120 -1160 -168 0
w -1240 -120 -1240 -152 0
g -1240 -72 -1240 -64 0
w -1160 -168 -1088 -200 0
S -1072 -152 -1072 -200 0 0 false 0 2
154 -472 -448 -424 -448 1 2 0 5
r -424 -448 -360 -448 0 8000
w -472 -440 -472 -104 0
w -472 -104 -608 -104 0
w -472 -456 -544 -456 0
w -544 -456 -544 -448 0
M 552 -432 576 -432 2 2.5
w 112 -512 144 -512 0
w 112 -416 144 -416 0
w 112 -512 112 -416 0
w 48 -512 112 -512 0
w 80 -448 144 -448 0
w 80 -544 144 -544 0
w 80 -448 80 -544 0
w 48 -448 80 -448 0
L 48 -448 0 -448 2 0 false 5 0
150 144 -528 288 -528 0 2 0 5
154 144 -432 288 -432 0 2 0 5
152 416 -320 544 -320 0 2 0 5
150 288 -304 416 -304 0 2 0 5
150 96 -352 240 -352 0 2 0 5
M 528 -272 576 -272 2 2.5
w 528 -224 528 -272 0
w 416 -224 528 -224 0
w 256 -288 256 -208 0
w 288 -288 256 -288 0
w 416 -352 416 -336 0
w 64 -336 64 -192 0
w 96 -336 64 -336 0
L 64 -192 0 -192 2 0 false 5 0
w 32 -224 96 -224 0
w 32 -368 32 -224 0
w 96 -368 32 -368 0
w 64 -192 96 -192 0
w 240 -352 416 -352 0
w 224 -320 224 -256 0
w 224 -256 96 -256 0
w 224 -240 224 -256 0
w 288 -240 224 -240 0
w 288 -320 224 -320 0
w 256 -208 288 -208 0
w 224 -208 256 -208 0
154 288 -224 416 -224 0 2 0 5
154 96 -208 224 -208 0 2 0 5
152 416 -104 544 -104 0 2 0 5
150 288 -88 416 -88 0 2 0 5
150 96 -136 240 -136 0 2 0 5
M 528 -56 576 -56 2 2.5
w 528 -8 528 -56 0
w 416 -8 528 -8 0
w 256 -72 256 8 0
w 288 -72 256 -72 0
w 416 -136 416 -120 0
w 64 -120 64 24 0
w 96 -120 64 -120 0
L 64 24 0 24 2 1 false 5 0
w 32 -8 96 -8 0
w 32 -152 32 -8 0
w 96 -152 32 -152 0
w 64 24 96 24 0
w 240 -136 416 -136 0
w 224 -104 224 -40 0
w 224 -40 96 -40 0
w 224 -24 224 -40 0
w 288 -24 224 -24 0
w 288 -104 224 -104 0
w 256 8 288 8 0
w 224 8 256 8 0
154 288 -8 416 -8 0 2 5 5
154 96 8 224 8 0 2 5 5
152 416 128 544 128 0 2 0 5
150 288 144 416 144 0 2 0 5
150 96 96 240 96 0 2 0 5
M 528 176 576 176 2 2.5
w 528 224 528 176 0
w 416 224 528 224 0
w 256 160 256 240 0
w 288 160 256 160 0
w 416 96 416 112 0
w 64 112 64 256 0
w 96 112 64 112 0
L 64 256 0 256 2 0 false 5 0
w 32 224 96 224 0
w 32 80 32 224 0
w 96 80 32 80 0
w 64 256 96 256 0
w 240 96 416 96 0
w 224 128 224 192 0
w 224 192 96 192 0
w 224 208 224 192 0
w 288 208 224 208 0
w 288 128 224 128 0
w 256 240 288 240 0
w 224 240 256 240 0
154 288 224 416 224 0 2 5 5
154 96 240 224 240 0 2 5 5
w 96 -256 96 -392 0
w 96 -392 288 -392 0
w 288 -528 288 -392 0
w 96 -40 96 -168 0
w 96 -168 544 -168 0
w 544 -168 544 -320 0
w 96 192 96 56 0
w 96 56 544 56 0
w 544 56 544 -104 0
w -888 -216 -888 -56 0
w -888 -56 -176 -56 0
w -176 -56 -176 -512 0
w -176 -512 48 -512 0
w -760 -216 -760 -24 0
w -760 -24 -144 -24 0
w -144 -24 -144 -224 0
w -144 -224 32 -224 0
w -632 -216 -632 16 0
w -632 16 -112 16 0
w -112 16 -112 -8 0
w -112 -8 32 -8 0
w -512 -216 -512 48 0
w -512 48 -80 48 0
w -80 48 -80 224 0
w -80 224 32 224 0
w 1336 -152 1336 184 0
w 1304 -392 1304 -384 0
w 1376 -392 1304 -392 0
w 1376 -376 1376 -40 0
r 1424 -384 1488 -384 0 8000
154 1376 -384 1424 -384 1 2 0 5
w 984 -384 1304 -384 0
w 1304 -304 1304 -384 0
w 1000 -352 920 -352 0
w 968 -336 984 -336 0
w 952 -336 968 -336 0
t 1000 -352 984 -352 0 1 -0.8173614249384467 -0.664181537146943 100
160 968 -400 968 -368 0 20 10000000000
172 1544 -352 1544 -312 0 7 1.45 5 0 0 0.5 Voltage
w 1304 -232 1304 -256 0
w 1336 -232 1304 -232 0
w 1304 -280 1304 -256 0
w 1304 -304 1304 -280 0
w 1288 -320 1304 -320 0
w 1288 -312 1288 -320 0
w 1288 -296 1304 -296 0
w 1288 -288 1288 -296 0
w 1288 -272 1304 -272 0
w 1288 -264 1288 -272 0
154 1304 -264 1352 -264 1 2 5 5
154 1304 -288 1352 -288 1 2 5 5
154 1304 -312 1352 -312 1 2 0 5
t 920 -352 952 -352 0 -1 -0.664181537146943 -0.6639241718673834 100
w 1280 -472 1280 -440 0
w 1096 -472 1280 -472 0
w 920 -320 920 -352 0
w 1096 -472 1096 -416 0
a 1016 -416 1096 -416 8 15 -15 1000000 0.15317835602543198 0.15317988779352013 100000
r 1016 -432 920 -432 0 2000
r 1016 -400 968 -400 0 1000
r 968 -400 920 -400 0 1000
w 920 -400 920 -432 0
g 968 -336 968 -296 0
r 856 -320 920 -320 0 1000
r 1016 -472 1096 -472 0 2000
w 1016 -472 1016 -432 0
w 920 -432 760 -432 0
w 1472 -440 1280 -440 0
r 1544 -440 1472 -440 0 8000
w 1624 -368 1640 -368 0
w 1624 -440 1624 -368 0
w 1544 -384 1544 -440 0
w 1488 -384 1544 -384 0
r 1544 -440 1624 -440 0 2000
a 1544 -368 1624 -368 8 15 -15 1000000 1.4499871333923535 1.45 100000
g 1488 -160 1488 -144 0
r 1488 -216 1488 -160 0 2000
w 1456 -264 1408 -264 0
w 1456 -216 1456 -264 0
w 1488 -216 1456 -216 0
w 1488 -328 1488 -384 0
r 1488 -272 1488 -216 0 1000
w 1464 -312 1464 -328 0
w 1464 -288 1408 -288 0
w 1464 -272 1464 -288 0
w 1488 -272 1464 -272 0
w 1464 -328 1488 -328 0
w 1408 -312 1464 -312 0
r 1488 -328 1488 -272 0 1000
w 1248 -264 1288 -264 0
w 1240 -288 1288 -288 0
w 1232 -312 1288 -312 0
r 1352 -312 1408 -312 0 2000
r 1352 -264 1408 -264 0 2000
r 1352 -288 1408 -288 0 2000
w 1104 -288 1240 -288 0
w 528 -56 1232 -48 0
w 528 -272 1104 -272 0
w 1336 -152 1336 -232 0
w 528 176 1336 184 0
w 1208 -264 1208 -512 0
w 1208 -512 552 -512 0
w 552 -512 552 -432 0
w 288 -432 552 -432 0
w -928 -496 -928 -568 0
w -928 -568 760 -568 0
w 760 -568 760 -432 0
w -1120 -104 -1120 296 0
w -1120 296 864 304 0
w 864 304 856 -320 0
w -992 -96 -992 328 0
w -992 328 1376 336 0
w 1376 336 1376 -40 0
w 1104 -272 1104 -288 0
w 1248 -264 1208 -264 0
w 1232 -312 1232 -48 0
w -896 -216 -888 -216 0
w -760 -216 -768 -216 0
w -632 -216 -640 -216 0
o 66 64 0 4099 10 0.00009765625 0 2 66 3
o 337 64 0 4099 10 0.00009765625 0 2 337 3
