$ 3 0.000005 10.20027730826997 50 5 50
156 80 272 128 272 0 5
156 208 272 240 272 0 5
156 336 272 368 272 0 0
156 464 272 480 272 0 0
w 464 272 448 272 0
w 448 272 448 336 0
w 448 336 464 336 0
w 320 336 336 336 0
w 320 336 320 272 0
w 320 272 336 272 0
w 208 272 192 272 0
w 192 272 192 336 0
w 192 336 208 336 0
w 80 272 64 272 0
w 64 272 64 336 0
w 64 336 80 336 0
w 560 272 560 192 0
w 432 272 432 112 0
w 176 272 176 160 0
R 64 272 32 272 0 0 40 5 0 0 0.5
w 80 304 80 384 0
w 176 272 192 272 0
w 80 384 208 384 0
w 208 384 208 304 0
w 336 304 336 384 0
w 336 384 208 384 0
w 336 384 464 384 0
w 464 384 464 304 0
150 336 200 336 272 1 2 5 5
w 304 272 304 136 0
w 304 136 328 136 0
w 328 136 328 200 0
w 344 160 344 200 0
w 176 160 344 160 0
150 464 200 464 272 1 3 0 5
w 344 160 472 160 0
w 472 160 472 200 0
w 328 136 464 136 0
w 464 136 464 200 0
w 432 112 456 112 0
w 456 112 456 200 0
r 576 136 632 136 0 2000
r 576 160 632 160 0 2000
r 576 112 632 112 0 2000
w 456 112 512 112 0
w 464 136 512 136 0
w 472 160 512 160 0
r 712 96 712 152 0 1000
w 632 112 688 112 0
w 688 96 712 96 0
w 712 152 688 152 0
w 688 152 688 136 0
w 688 136 632 136 0
w 688 112 688 96 0
r 712 152 712 208 0 1000
w 712 96 712 40 0
w 712 208 680 208 0
w 680 208 680 160 0
w 680 160 632 160 0
r 712 208 712 264 0 2000
g 712 264 712 280 0
a 768 56 848 56 8 15 -15 1000000 1.4499874011153087 1.45 100000
r 768 -16 848 -16 0 2000
w 712 40 768 40 0
w 768 40 768 -16 0
w 848 -16 848 56 0
w 848 56 864 56 0
a -88 40 -8 40 8 15 -15 1000000 0.000002724232886522736 0 100000
c -88 -8 -8 -8 0 0.000001 0.2724260128851601
r -152 24 -88 24 0 1000
g -88 56 -88 64 0
a -8 56 80 56 8 15 -15 1000000 -0.2724232886522736 -2.1428838615796133 100000
r -8 120 -8 176 0 1000
r -8 120 80 120 0 6000
w 80 120 80 104 0
w -8 120 -8 72 0
w -8 -8 -8 40 0
w -88 -8 -88 24 0
g -8 176 -8 184 0
w 80 56 96 56 0
a -232 24 -152 24 8 15 -15 1000000 2.449975500372543 2.4499999998825506 100000
r -232 8 -328 8 0 2000
r -232 40 -280 40 0 1000
r -280 40 -328 40 0 1000
w -328 40 -328 8 0
t -256 104 -280 104 0 1 -17.450187030806394 -15.000187030923843 100
g -280 120 -280 144 0
w -280 40 -280 88 0
r -256 104 -184 104 0 1000
w -184 104 80 104 0
w 80 104 80 56 0
172 -328 8 -328 -32 0 7 2.45 5 0 0 0.5 Voltage
r -232 -32 -152 -32 0 2000
w -152 -32 -152 24 0
w -232 -32 -232 8 0
t 0 408 32 408 0 1 0.6637944075526131 0.6859592749767514 100
r 32 392 32 336 0 1000
r 0 408 0 336 0 1000
w 0 224 16 288 0
w 0 224 80 224 0
w 80 224 80 120 0
w 32 336 64 336 0
w 32 392 80 392 0
w 80 392 80 384 0
g 32 424 32 440 0
r 768 -16 696 -16 0 8000
w 696 -16 504 -16 0
w 144 -8 -8 -8 0
w 240 -48 240 -8 0
r 240 -48 320 -48 0 2000
r 80 104 144 104 0 1000
g 192 88 192 128 0
w 144 24 144 -8 0
r 192 24 144 24 0 1000
r 240 24 192 24 0 1000
r 240 -8 144 -8 0 2000
a 240 8 320 8 8 15 -15 1000000 -0.006076774754623524 -0.006074172057232095 100000
w 320 -48 320 8 0
w 144 104 144 72 0
w 320 -48 504 -48 0
w 504 -48 504 -16 0
t 144 72 176 72 0 -1 -0.6641862093812861 -0.663439019657968 100
154 528 112 576 112 1 2 0 5
154 528 136 576 136 1 2 5 5
154 528 160 576 160 1 2 5 5
w 512 160 512 152 0
w 512 152 528 152 0
w 512 136 512 128 0
w 512 128 528 128 0
w 512 112 512 104 0
w 512 104 528 104 0
w 528 120 528 144 0
w 528 144 528 168 0
w 560 192 528 192 0
w 528 192 528 168 0
172 768 72 768 112 0 7 1.45 5 0 0 0.5 Voltage
160 192 24 192 56 0 20 10000000000
t 224 72 208 72 0 1 -0.6571054662694028 -0.6641862093812861 100
w 176 88 192 88 0
w 192 88 208 88 0
w 224 72 144 72 0
w 528 120 528 40 0
w 208 40 528 40 0
w -264 248 -264 288 0
r -264 248 -184 248 0 2000
r -288 384 -216 384 0 1000
w -312 320 -312 368 0
g -312 400 -312 424 0
t -288 384 -312 384 0 1 -14.727763742159567 -15.000187030926568 100
w -360 320 -360 288 0
r -312 320 -360 320 0 1000
r -264 320 -312 320 0 1000
r -264 288 -360 288 0 2000
a -264 304 -184 304 8 15 -15 1000000 -0.27242056458859576 -0.272423288767001 100000
w -184 248 -184 304 0
w 0 224 -48 224 0
w -48 224 -48 384 0
w -8 40 -8 56 0
w -8 56 -32 56 0
w -32 56 -32 216 0
w -32 216 -360 216 0
w -360 216 -360 288 0
w -184 304 -168 304 0
a -168 320 -88 320 8 15 -15 1000000 -0.2724178405249182 0.14851526810208776 100000
w -48 384 -216 384 0
r -168 368 -168 416 0 1000
r -168 368 -88 368 0 100000
w -88 368 -88 320 0
w -168 368 -168 336 0
g -168 416 -168 424 0
w -88 320 -16 288 0
S 0 336 0 288 0 0 false 0 2
154 600 40 648 40 1 2 0 5
r 648 40 712 40 0 8000
w 600 48 608 384 0
w 608 384 464 384 0
w 600 32 528 32 0
w 528 32 528 40 0
o 66 64 0 4099 20 0.00009765625 0 2 66 3
