$ 1 0.000005 10.20027730826997 50 5 50
! default 0 A,B,C C,S sumador\scompleto\sde\sun\sbit 111\q11\n110\q10\n011\q10\n101\q10\n100\q01\n010\q01\n001\q01\n000\q00\n
208 544 400 576 400 0 default 0 0
L 544 432 528 432 2 0 false 5 0
L 544 464 528 464 2 0 false 5 0
208 544 288 576 288 0 default 0 5
208 544 176 576 176 0 default 5 0
208 544 64 576 64 0 default 0 5
w 640 400 544 352 0
L 544 320 528 320 2 0 false 5 0
L 544 208 528 208 2 1 false 5 0
L 544 96 528 96 2 0 false 5 0
w 640 288 544 240 0
w 640 176 544 128 0
164 320 192 352 192 0 4 0 5 5 0 false
w 416 64 416 192 0
w 416 224 432 224 0
w 432 224 432 176 0
w 416 256 448 256 0
w 448 256 448 -208 0
w 416 288 464 288 0
w 464 288 464 -64 0
w 544 64 416 64 0
w 544 176 432 176 0
w 544 288 512 288 0
w 448 256 512 256 0
w 512 256 512 288 0
w 544 400 464 400 0
w 464 400 464 288 0
w 416 64 416 -400 0
w 432 176 432 -288 0
w 784 192 832 192 0
w 912 208 944 352 0
w 912 288 944 384 0
w 912 368 944 416 0
w 784 352 832 352 0
w 784 272 784 352 0
w 784 272 832 272 0
w 784 192 784 272 0
w 720 384 832 384 0
w 720 304 832 304 0
w 720 224 832 224 0
154 832 368 912 368 0 2 5 5
154 832 288 912 288 0 2 0 5
154 832 208 912 208 0 2 5 5
R 1040 416 1040 448 0 0 40 5 0 0 0.5
166 944 320 976 320 0 4
w 640 432 720 432 0
w 720 432 720 384 0
w 640 320 720 320 0
w 720 320 720 304 0
w 640 208 640 224 0
w 640 224 720 224 0
w 640 96 784 96 0
w 784 96 784 192 0
g 944 320 944 288 0
g 944 -144 944 -176 0
w 784 -368 784 -272 0
w 640 -368 784 -368 0
w 640 -240 720 -240 0
w 640 -256 640 -240 0
w 720 -144 720 -160 0
w 640 -144 720 -144 0
w 720 -32 720 -80 0
w 640 -32 720 -32 0
166 944 -144 976 -144 0 4
R 1040 -48 1040 -16 0 0 40 5 0 0 0.5
w 1040 -144 1072 -144 0
154 832 -256 912 -256 0 2 5 5
154 832 -176 912 -176 0 2 5 5
154 832 -96 912 -96 0 2 0 5
w 720 -240 832 -240 0
w 720 -160 832 -160 0
w 720 -80 832 -80 0
w 784 -272 784 -192 0
w 784 -192 832 -192 0
w 784 -192 784 -112 0
w 784 -112 832 -112 0
w 912 -96 944 -48 0
w 912 -176 944 -80 0
w 912 -256 944 -112 0
w 784 -272 832 -272 0
w 544 -64 464 -64 0
w 512 -208 512 -176 0
w 448 -208 512 -208 0
w 544 -176 512 -176 0
w 544 -288 432 -288 0
w 544 -400 416 -400 0
w 640 -288 544 -336 0
w 640 -176 544 -224 0
L 544 -368 528 -368 2 0 false 5 0
L 544 -256 528 -256 2 0 false 5 0
L 544 -144 528 -144 2 0 false 5 0
w 640 -64 544 -112 0
208 544 -400 576 -400 0 default 0 0
208 544 -288 576 -288 0 default 0 5
208 544 -176 576 -176 0 default 0 5
L 544 0 528 0 2 0 false 5 0
L 544 -32 528 -32 2 0 false 5 0
208 544 -64 576 -64 0 default 0 0
a 1072 -160 1152 -160 8 15 -15 1000000 1.9999800001999979 2 100000
w 1072 -176 1072 -208 0
w 1072 -208 1152 -208 0
w 1152 -208 1152 -160 0
a 1200 -144 1280 -144 8 15 -15 1000000 0.6000079163033483 0.6 100000
r 1152 -160 1200 -160 0 1000
r 1200 -192 1280 -192 0 1000
w 1200 -192 1200 -160 0
w 1280 -192 1280 -144 0
R 1200 -128 1200 -96 0 0 40 0.6 0 0 0.5
R 1200 336 1200 368 0 0 40 0.6 0 0 0.5
w 1280 272 1280 320 0
w 1200 272 1200 304 0
r 1200 272 1280 272 0 1000
r 1152 304 1200 304 0 1000
a 1200 320 1280 320 8 15 -15 1000000 0.6000043666716943 0.6 100000
w 1152 256 1152 304 0
w 1072 256 1152 256 0
w 1072 288 1072 256 0
a 1072 304 1152 304 8 15 -15 1000000 1.6666500001666649 1.6666666666666665 100000
w 1040 320 1072 320 0
w 1280 -144 1344 -144 0
w 1280 320 1296 320 0
182 144 192 240 192 0 0.5 1.66 3.33 5 -5
R 144 192 64 192 0 4 1000 5 0 0 0.5
w 288 192 320 192 0
I 240 192 288 192 0 0.5 5
a 544 -560 640 -560 8 15 -15 1000000 0.3499964666798171 0.34999996660915256 100000
r 544 -576 416 -576 0 1000
r 544 -544 496 -544 0 1000
r 496 -544 416 -544 0 1000
t 448 -496 480 -496 0 1 0.633071591848009 0.6509998437736128 100
160 496 -544 496 -512 0 20 10000000000
t 544 -496 512 -496 0 -1 0.6509998437736128 0.3009998771644342 100
g 480 -480 480 -464 0
g 512 -480 512 -464 0
w 544 -496 448 -496 0
r 448 -496 400 -496 0 1000
w 416 -576 416 -544 0
w 784 -368 784 -416 0
w 144 192 160 -576 0
w 160 -576 416 -576 0
w 512 -528 784 -528 0
w 288 192 304 -496 0
w 304 -496 400 -496 0
w 640 -560 672 -560 0
r 1200 -192 1200 -304 0 30000
w 672 -560 1200 -560 0
w 1200 -560 1200 -304 0
r 544 -608 640 -608 0 1000
w 544 -576 544 -608 0
w 640 -560 640 -608 0
I 784 -416 784 -496 0 0.5 5
w 784 -496 784 -528 0
w 784 496 784 352 0
I 784 496 784 624 0 0.5 5
w 624 592 624 544 0
w 528 576 528 544 0
r 528 544 624 544 0 1000
w 656 592 1184 592 0
w 624 592 656 592 0
w 288 656 384 656 0
w 496 624 784 624 0
w 144 576 400 576 0
w 400 576 400 608 0
r 432 656 384 656 0 1000
w 528 656 432 656 0
g 496 672 496 688 0
g 464 672 464 688 0
t 528 656 496 656 0 -1 0.6519421544071707 0.6265381590155314 100
160 480 608 480 640 0 20 10000000000
t 432 656 464 656 0 1 0.6330466697932341 0.6519421544071707 100
r 480 608 400 608 0 1000
r 528 608 480 608 0 1000
r 528 576 400 576 0 1000
a 528 592 624 592 8 15 -15 1000000 0.02539072219562261 0.025387730010068374 100000
w 144 192 144 576 0
w 288 656 288 192 0
r 1184 592 1184 528 0 30000
w 1200 304 1200 320 0
w 1200 320 1184 320 0
w 1184 320 1184 528 0
w 1296 -16 1312 -16 0
w 1296 32 1296 -16 0
w 1792 -144 1792 -64 0
O 1792 -144 1840 -144 0
r 1392 -144 1344 -144 0 200
w 1712 -144 1792 -144 0
w 1632 -144 1712 -144 0
w 1552 -144 1632 -144 0
w 1472 -144 1552 -144 0
w 1392 -144 1472 -144 0
r 1712 -64 1712 -144 0 120
r 1632 -64 1632 -144 0 330
r 1552 -64 1552 -144 0 470
r 1472 -64 1472 -144 0 1000
r 1392 -64 1392 -144 0 2000
w 1776 -64 1792 -64 0
w 1696 -64 1712 -64 0
w 1616 -64 1632 -64 0
w 1536 -64 1552 -64 0
w 1456 -64 1472 -64 0
w 1376 -64 1392 -64 0
R 1776 32 1840 32 0 0 40 -0.7 0 0 0.5
R 1792 -16 1840 -16 0 0 40 0.7 0 0 0.5
r 1712 -16 1760 -16 0 39
r 1632 -16 1680 -16 0 30
w 1760 -16 1792 -16 0
w 1680 -16 1712 -16 0
d 1792 -64 1792 -16 2 default
d 1712 -64 1712 -16 2 default
d 1776 32 1776 -64 2 default
d 1696 32 1696 -64 2 default
r 1696 32 1776 32 0 39
r 1616 32 1696 32 0 30
r 1552 -16 1600 -16 0 47
w 1632 -16 1600 -16 0
d 1632 -64 1632 -16 2 default
d 1616 32 1616 -64 2 default
r 1536 32 1616 32 0 47
r 1472 -16 1520 -16 0 82
r 1456 32 1536 32 0 82
w 1552 -16 1520 -16 0
d 1552 -64 1552 -16 2 default
d 1536 32 1536 -64 2 default
d 1472 -64 1472 -16 2 default
d 1456 32 1456 -64 2 default
w 1440 -16 1472 -16 0
r 1376 32 1456 32 0 33
r 1392 -16 1440 -16 0 33
r 1296 32 1376 32 0 100
r 1360 -16 1312 -16 0 100
w 1360 -16 1392 -16 0
d 1392 -64 1392 -16 2 default
d 1376 32 1376 -64 2 default
d 1392 496 1392 400 2 default
d 1408 400 1408 448 2 default
w 1376 448 1408 448 0
r 1376 448 1328 448 0 100
r 1312 496 1392 496 0 100
r 1408 448 1456 448 0 33
r 1392 496 1472 496 0 33
w 1456 448 1488 448 0
d 1472 496 1472 400 2 default
d 1488 400 1488 448 2 default
d 1552 496 1552 400 2 default
d 1568 400 1568 448 2 default
w 1568 448 1536 448 0
r 1472 496 1552 496 0 82
r 1488 448 1536 448 0 82
r 1552 496 1632 496 0 47
d 1632 496 1632 400 2 default
d 1648 400 1648 448 2 default
w 1648 448 1616 448 0
r 1568 448 1616 448 0 47
r 1632 496 1712 496 0 30
r 1712 496 1792 496 0 39
d 1712 496 1712 400 2 default
d 1792 496 1792 400 2 default
d 1728 400 1728 448 2 default
d 1808 400 1808 448 2 default
w 1696 448 1728 448 0
w 1776 448 1808 448 0
r 1648 448 1696 448 0 30
r 1728 448 1776 448 0 39
R 1808 448 1856 448 0 0 40 0.7 0 0 0.5
R 1792 496 1856 496 0 0 40 -0.7 0 0 0.5
w 1392 400 1408 400 0
w 1472 400 1488 400 0
w 1552 400 1568 400 0
w 1632 400 1648 400 0
w 1712 400 1728 400 0
w 1792 400 1808 400 0
r 1408 400 1408 320 0 2000
r 1488 400 1488 320 0 1000
r 1568 400 1568 320 0 470
r 1648 400 1648 320 0 330
r 1728 400 1728 320 0 120
w 1408 320 1488 320 0
w 1488 320 1568 320 0
w 1568 320 1648 320 0
w 1648 320 1728 320 0
w 1728 320 1808 320 0
r 1408 320 1360 320 0 200
O 1808 320 1856 320 0
w 1808 320 1808 400 0
w 1312 496 1312 448 0
w 1312 448 1328 448 0
w 1296 320 1360 320 0
b 496 -432 683 25 0
b 496 32 685 489 0
x 532 -436 713 -433 4 24 sumador\s4\sbits
x 547 511 728 514 4 24 sumador\s4\sbits
x 280 328 462 331 4 24 contador\s4\sbits
x 901 478 1026 481 4 24 DAC\s4\sbits
x 918 16 1043 19 4 24 DAC\s4\sbits
o 183 64 0 4098 1.25 0.1 0 1
o 282 64 0 4098 1.25 0.1 0 1
