$ 3 0.000005 10.20027730826997 50 5 50
156 -72 112 -24 112 0 5
156 56 112 88 112 0 5
156 184 112 216 112 0 5
156 312 112 328 112 0 5
w 312 112 296 112 0
w 296 112 296 176 0
w 296 176 312 176 0
w 168 176 184 176 0
w 168 176 168 112 0
w 168 112 184 112 0
w 56 112 40 112 0
w 40 112 40 176 0
w 40 176 56 176 0
w -72 112 -88 112 0
w -88 112 -88 176 0
w -88 176 -72 176 0
w 408 112 408 32 0
w 280 112 280 -48 0
w 24 112 24 0 0
R -88 112 -120 112 0 0 40 5 0 0 0.5
w -72 144 -72 224 0
w 24 112 40 112 0
w -72 224 56 224 0
w 56 224 56 144 0
w 184 144 184 224 0
w 184 224 56 224 0
w 184 224 312 224 0
w 312 224 312 144 0
150 184 40 184 112 1 2 5 5
w 152 112 152 32 0
w 152 -24 176 -24 0
w 176 -24 176 40 0
w 192 0 192 40 0
w 24 0 192 0 0
150 312 40 312 112 1 3 5 5
w 192 0 320 0 0
w 320 0 320 40 0
w 176 -24 312 -24 0
w 312 -24 312 40 0
w 280 -48 304 -48 0
w 304 -48 304 40 0
r 424 -24 480 -24 0 2000
r 424 0 480 0 0 2000
r 424 -48 480 -48 0 2000
w 320 0 360 0 0
r 560 -64 560 -8 0 1000
w 480 -48 536 -48 0
w 536 -64 560 -64 0
w 560 -8 536 -8 0
w 536 -8 536 -24 0
w 536 -24 480 -24 0
w 536 -48 536 -64 0
r 560 -8 560 48 0 1000
w 560 -64 560 -120 0
w 560 48 528 48 0
w 528 48 528 0 0
w 528 0 480 0 0
r 560 48 560 104 0 2000
g 560 104 560 120 0
a 616 -104 696 -104 8 15 -15 1000000 1.0999748576963606 1.1 100000
r 616 -176 696 -176 0 10000
w 560 -120 616 -120 0
w 616 -120 616 -176 0
w 696 -176 696 -104 0
w 696 -104 712 -104 0
a -240 -120 -160 -120 8 15 -15 1000000 0.000014126910827698954 0 100000
c -240 -168 -160 -168 0 0.000001 1.412705209680723
r -304 -136 -240 -136 0 1000
g -240 -104 -240 -96 0
a -160 -104 -72 -104 8 15 -15 1000000 -1.4126910827698953 -2.1428675718069865 100000
r -160 -40 -160 16 0 1000
r -160 -40 -72 -40 0 6000
w -72 -40 -72 -56 0
w -160 -40 -160 -88 0
w -160 -168 -160 -120 0
w -240 -168 -240 -136 0
g -160 16 -160 24 0
w -72 -104 -56 -104 0
a -384 -136 -304 -136 8 15 -15 1000000 1.349986500153647 1.3499999998836498 100000
r -384 -152 -480 -152 0 2000
r -384 -120 -432 -120 0 1000
r -432 -120 -480 -120 0 1000
w -480 -120 -480 -152 0
t -408 -56 -432 -56 0 1 -16.350073002400205 -15.000073002516555 100
g -432 -40 -432 -16 0
w -432 -120 -432 -72 0
r -408 -56 -336 -56 0 1000
w -336 -56 -72 -56 0
w -72 -56 -72 -104 0
172 -480 -152 -480 -192 0 7 1.35 5 0 0 0.5 Voltage
r -384 -192 -304 -192 0 2000
w -304 -192 -304 -136 0
w -384 -192 -384 -152 0
t -152 248 -120 248 0 1 0.6637946139905339 0.685959450249391 100
r -120 232 -120 176 0 1000
r -152 248 -152 176 0 1000
w -152 64 -136 128 0
w -152 64 -72 64 0
w -72 64 -72 -40 0
w -120 176 -88 176 0
w -120 232 -72 232 0
w -72 232 -72 224 0
g -120 264 -120 280 0
r 616 -176 544 -176 0 8000
w 544 -176 352 -176 0
w -8 -168 -160 -168 0
w 88 -208 88 -168 0
r 88 -208 168 -208 0 2000
r -72 -56 -8 -56 0 1000
g 40 -72 40 -32 0
w -8 -136 -8 -168 0
r 40 -136 -8 -136 0 1000
r 88 -136 40 -136 0 1000
r 88 -168 -8 -168 0 2000
a 88 -152 168 -152 8 15 -15 1000000 -1.2054397425950898 -1.205449724479114 100000
w 168 -208 168 -152 0
w -8 -56 -8 -88 0
w 168 -208 352 -208 0
w 352 -208 352 -176 0
t -8 -88 24 -88 0 -1 -0.6643672038220949 -0.664109838296556 100
154 376 0 424 0 1 2 0 5
w 360 0 360 -8 0
w 360 -8 376 -8 0
w 360 -24 360 -32 0
w 360 -32 376 -32 0
w 360 -48 360 -56 0
w 360 -56 376 -56 0
w 376 -40 376 -16 0
w 376 -16 376 8 0
w 376 32 152 32 0
w 376 32 376 8 0
172 616 -88 616 -48 0 7 1.1 5 0 0 0.5 Voltage
160 40 -136 40 -104 0 20 10000000000
t 72 -88 56 -88 0 1 0.5369376959015881 -0.6643672038220949 100
w 24 -72 40 -72 0
w 40 -72 56 -72 0
w 72 -88 -8 -88 0
w 376 -40 376 -120 0
w 56 -120 376 -120 0
w -416 88 -416 128 0
r -416 88 -336 88 0 2000
r -440 224 -368 224 0 1000
w -464 160 -464 208 0
g -464 240 -464 264 0
t -440 224 -464 224 0 1 -13.587381919635837 -15.00007300251932 100
w -512 160 -512 128 0
r -464 160 -512 160 0 1000
r -416 160 -464 160 0 1000
r -416 128 -512 128 0 2000
a -416 144 -336 144 8 15 -15 1000000 -1.4126769562551866 -1.412691082883484 100000
w -336 88 -336 144 0
w -152 64 -200 64 0
w -200 64 -200 224 0
w -160 -120 -160 -104 0
w -160 -104 -184 -104 0
w -184 -104 -184 56 0
w -184 56 -512 56 0
w -512 56 -512 128 0
w -336 144 -320 144 0
a -320 160 -240 160 8 15 -15 1000000 -1.4126628297404775 0.14851639705864045 100000
w -200 224 -368 224 0
r -320 208 -320 256 0 1000
r -320 208 -240 208 0 100000
w -240 208 -240 160 0
w -320 208 -320 176 0
g -320 256 -320 264 0
w -240 160 -168 128 0
S -152 176 -152 128 0 0 false 0 2
154 448 -120 496 -120 1 2 5 5
r 496 -120 560 -120 0 8000
w 448 -112 456 224 0
w 456 224 312 224 0
w 448 -128 376 -128 0
w 376 -128 376 -120 0
w 152 32 152 -24 0
M 528 536 576 536 2 2.5
w 528 584 528 536 0
w 416 584 528 584 0
L 64 616 0 616 2 0 false 5 0
w 32 584 96 584 0
w 64 616 96 616 0
w 224 488 224 552 0
w 224 568 224 552 0
w 288 568 224 568 0
w 288 488 224 488 0
w 256 600 288 600 0
w 224 600 256 600 0
154 288 584 416 584 0 2 0 5
154 96 600 224 600 0 2 5 5
M 288 384 336 384 2 2.5
w 112 304 144 304 0
w 112 400 144 400 0
w 112 304 112 400 0
w 48 304 112 304 0
w 80 368 144 368 0
w 80 272 144 272 0
w 80 368 80 272 0
w 48 368 80 368 0
L 48 304 0 304 2 1 false 5 0
150 144 288 288 288 0 2 5 5
154 144 384 288 384 0 2 0 5
w 24 112 24 368 0
w 24 368 48 368 0
w 152 112 152 528 0
w 152 528 32 528 0
w 32 528 32 584 0
w 288 288 288 488 0
M 24 0 56 0 2 2.5
w 832 296 832 304 0
w 904 296 832 296 0
w 904 312 912 648 0
r 952 304 1016 304 0 8000
154 904 304 952 304 1 2 0 5
w 512 304 832 304 0
w 832 384 832 304 0
w 528 336 448 336 0
w 496 352 512 352 0
w 480 352 496 352 0
t 528 336 512 336 0 1 -2.4467273615470626e-15 1.6050699440112621e-15 100
160 496 288 496 320 0 20 10000000000
172 1072 336 1072 376 0 7 1.1 5 0 0 0.5 Voltage
w 832 384 832 408 0
w 816 368 832 368 0
w 816 376 816 368 0
w 816 392 832 392 0
w 816 400 816 392 0
t 448 336 480 336 0 -1 1.6050699440112621e-15 -2.697883608102334e-15 100
w 808 216 808 248 0
w 624 216 808 216 0
w 448 368 448 336 0
w 624 216 624 272 0
a 544 272 624 272 8 15 -15 1000000 4.3029263420680215e-15 4.302962586866574e-15 100000
r 544 256 448 256 0 2000
r 544 288 496 288 0 1000
r 496 288 448 288 0 1000
w 448 288 448 256 0
g 496 352 496 392 0
r 384 368 448 368 0 1000
r 544 216 624 216 0 2000
w 544 216 544 256 0
w 448 256 296 256 0
w 1000 248 808 248 0
r 1072 248 1000 248 0 8000
w 1152 320 1168 320 0
w 1152 248 1152 320 0
w 1072 304 1072 248 0
w 1016 304 1072 304 0
r 1072 248 1152 248 0 10000
a 1072 320 1152 320 8 15 -15 1000000 1.0999248384693714 1.1 100000
w 1016 360 1016 304 0
w 992 376 992 360 0
w 992 400 936 400 0
w 992 416 992 400 0
w 992 360 1016 360 0
w 936 376 992 376 0
r 1016 360 1016 416 0 1000
r 880 376 936 376 0 2000
r 880 400 936 400 0 2000
154 688 408 736 408 1 2 0 5
w 904 320 912 656 0
154 832 432 880 432 1 2 0 5
g 1016 536 1016 552 0
r 1016 480 1016 536 0 2000
w 984 432 936 432 0
w 984 480 984 432 0
w 1016 480 984 480 0
r 1016 416 1016 480 0 1000
r 880 432 936 432 0 2000
o 64 64 0 4099 20 0.00009765625 0 2 64 3
