$ 1 0.000005 10.20027730826997 50 5 50
164 208 704 240 704 0 4 5 5 5 5 false
w 304 576 304 704 0
w 304 736 320 736 0
w 320 736 320 688 0
w 304 768 336 768 0
w 336 768 336 304 0
w 304 800 352 800 0
w 352 800 352 448 0
w 304 576 304 112 0
w 320 688 320 224 0
g 960 368 960 336 0
w 800 144 800 240 0
w 656 144 800 144 0
w 656 272 736 272 0
w 656 256 656 272 0
w 736 368 736 352 0
w 656 368 736 368 0
w 736 480 736 432 0
w 656 480 736 480 0
166 960 368 992 368 0 4
R 1056 464 1056 496 0 0 40 5 0 0 0.5
w 1056 368 1088 368 0
154 848 256 928 256 0 2 0 5
154 848 336 928 336 0 2 0 5
154 848 416 928 416 0 2 0 5
w 736 272 848 272 0
w 736 352 848 352 0
w 736 432 848 432 0
w 800 240 800 320 0
w 800 320 848 320 0
w 800 320 800 400 0
w 800 400 848 400 0
w 928 416 960 464 0
w 928 336 960 432 0
w 928 256 960 400 0
w 800 240 848 240 0
w 560 448 352 448 0
w 528 304 528 336 0
w 336 304 528 304 0
w 560 336 528 336 0
w 560 224 320 224 0
w 560 112 304 112 0
w 656 224 560 176 0
w 656 336 560 288 0
L 560 144 544 144 2 0 false 5 0
L 560 256 544 256 2 0 false 5 0
L 560 368 544 368 2 0 false 5 0
w 656 448 560 400 0
! default 0 A,B,C C,S sumador\scompleto\sde\sun\sbit 111\q11\n110\q10\n011\q10\n101\q10\n100\q01\n010\q01\n001\q01\n000\q00\n
208 560 112 592 112 0 default 0 5
208 560 224 592 224 0 default 0 5
208 560 336 592 336 0 default 0 5
L 560 512 544 512 2 0 false 5 0
L 560 480 544 480 2 0 false 5 0
208 560 448 592 448 0 default 0 5
a 1088 352 1168 352 8 15 -15 1000000 0 0 100000
w 1088 336 1088 304 0
w 1088 304 1168 304 0
w 1168 304 1168 352 0
a 1216 368 1296 368 8 15 -15 1000000 0.5999892501893043 0.6 100000
r 1168 352 1216 352 0 1000
r 1216 320 1296 320 0 1000
w 1216 320 1216 352 0
w 1296 320 1296 368 0
R 1216 384 1216 416 0 0 40 0.6 0 0 0.5
w 1296 368 1360 368 0
182 32 704 128 704 0 0.5 1.66 3.33 5 -5
R 32 704 -48 704 0 4 1000 5 0 0 0.5
w 176 704 208 704 0
I 128 704 176 704 0 0.5 5
a 560 -48 656 -48 8 15 -15 1000000 4.349956087181906 4.34999958630365 100000
r 560 -64 432 -64 0 1000
r 560 -32 512 -32 0 1000
r 512 -32 432 -32 0 1000
t 464 16 496 16 0 1 -4.349999582101071 4.198491048040799e-9 100
160 512 -32 512 0 0 20 10000000000
t 560 16 528 16 0 -1 4.198491048040799e-9 -0.21513223867113945 100
g 496 32 496 48 0
g 528 32 528 48 0
w 560 16 464 16 0
r 464 16 416 16 0 1000
w 432 -64 432 -32 0
w 800 144 800 96 0
w 32 704 32 -64 0
w 32 -64 432 -64 0
w 528 -16 800 -16 0
w 176 704 176 16 0
w 176 16 416 16 0
w 656 -48 688 -48 0
r 1216 320 1216 208 0 30000
w 688 -48 1216 -48 0
w 1216 -48 1216 208 0
r 560 -96 656 -96 0 1000
w 560 -64 560 -96 0
w 656 -48 656 -96 0
I 800 96 800 16 0 0.5 5
w 800 16 800 -16 0
w 1312 496 1328 496 0
w 1312 544 1312 496 0
w 1808 368 1808 448 0
O 1808 368 1856 368 0
r 1408 368 1360 368 0 200
w 1728 368 1808 368 0
w 1648 368 1728 368 0
w 1568 368 1648 368 0
w 1488 368 1568 368 0
w 1408 368 1488 368 0
r 1728 448 1728 368 0 120
r 1648 448 1648 368 0 330
r 1568 448 1568 368 0 470
r 1488 448 1488 368 0 1000
r 1408 448 1408 368 0 2000
w 1792 448 1808 448 0
w 1712 448 1728 448 0
w 1632 448 1648 448 0
w 1552 448 1568 448 0
w 1472 448 1488 448 0
w 1392 448 1408 448 0
R 1792 544 1856 544 0 0 40 -0.7 0 0 0.5
R 1808 496 1856 496 0 0 40 0.7 0 0 0.5
r 1728 496 1776 496 0 39
r 1648 496 1696 496 0 30
w 1776 496 1808 496 0
w 1696 496 1728 496 0
d 1808 448 1808 496 2 default
d 1728 448 1728 496 2 default
d 1792 544 1792 448 2 default
d 1712 544 1712 448 2 default
r 1712 544 1792 544 0 39
r 1632 544 1712 544 0 30
r 1568 496 1616 496 0 47
w 1648 496 1616 496 0
d 1648 448 1648 496 2 default
d 1632 544 1632 448 2 default
r 1552 544 1632 544 0 47
r 1488 496 1536 496 0 82
r 1472 544 1552 544 0 82
w 1568 496 1536 496 0
d 1568 448 1568 496 2 default
d 1552 544 1552 448 2 default
d 1488 448 1488 496 2 default
d 1472 544 1472 448 2 default
w 1456 496 1488 496 0
r 1392 544 1472 544 0 33
r 1408 496 1456 496 0 33
r 1312 544 1392 544 0 100
r 1376 496 1328 496 0 100
w 1376 496 1408 496 0
d 1408 448 1408 496 2 default
d 1392 544 1392 448 2 default
b 512 80 699 537 0
x 548 76 729 79 4 24 sumador\s4\sbits
x 127 840 309 843 4 24 contador\s4\sbits
x 934 528 1059 531 4 24 DAC\s4\sbits
x 934 -160 1059 -157 4 24 DAC\s4\sbits
x 548 -612 729 -609 4 24 sumador\s4\sbits
b 512 -608 699 -151 0
d 1392 -144 1392 -240 2 default
d 1408 -240 1408 -192 2 default
w 1376 -192 1408 -192 0
r 1376 -192 1328 -192 0 100
r 1312 -144 1392 -144 0 100
r 1408 -192 1456 -192 0 33
r 1392 -144 1472 -144 0 33
w 1456 -192 1488 -192 0
d 1472 -144 1472 -240 2 default
d 1488 -240 1488 -192 2 default
d 1552 -144 1552 -240 2 default
d 1568 -240 1568 -192 2 default
w 1568 -192 1536 -192 0
r 1472 -144 1552 -144 0 82
r 1488 -192 1536 -192 0 82
r 1552 -144 1632 -144 0 47
d 1632 -144 1632 -240 2 default
d 1648 -240 1648 -192 2 default
w 1648 -192 1616 -192 0
r 1568 -192 1616 -192 0 47
r 1632 -144 1712 -144 0 30
r 1712 -144 1792 -144 0 39
d 1712 -144 1712 -240 2 default
d 1792 -144 1792 -240 2 default
d 1728 -240 1728 -192 2 default
d 1808 -240 1808 -192 2 default
w 1696 -192 1728 -192 0
w 1776 -192 1808 -192 0
r 1648 -192 1696 -192 0 30
r 1728 -192 1776 -192 0 39
R 1808 -192 1856 -192 0 0 40 0.7 0 0 0.5
R 1792 -144 1856 -144 0 0 40 -0.7 0 0 0.5
w 1392 -240 1408 -240 0
w 1472 -240 1488 -240 0
w 1552 -240 1568 -240 0
w 1632 -240 1648 -240 0
w 1712 -240 1728 -240 0
w 1792 -240 1808 -240 0
r 1408 -240 1408 -320 0 2000
r 1488 -240 1488 -320 0 1000
r 1568 -240 1568 -320 0 470
r 1648 -240 1648 -320 0 330
r 1728 -240 1728 -320 0 120
w 1408 -320 1488 -320 0
w 1488 -320 1568 -320 0
w 1568 -320 1648 -320 0
w 1648 -320 1728 -320 0
w 1728 -320 1808 -320 0
r 1408 -320 1360 -320 0 200
O 1808 -320 1856 -320 0
w 1808 -320 1808 -240 0
w 1312 -144 1312 -192 0
w 1312 -192 1328 -192 0
w 800 -672 800 -704 0
I 800 -592 800 -672 0 0.5 5
w 656 -736 656 -784 0
w 560 -752 560 -784 0
r 560 -784 656 -784 0 1000
w 1216 -736 1216 -480 0
w 688 -736 1216 -736 0
r 1216 -368 1216 -480 0 30000
w 656 -736 688 -736 0
w 384 -672 416 -672 0
w 528 -704 800 -704 0
w 32 -752 432 -752 0
w 800 -544 800 -592 0
w 432 -752 432 -720 0
r 464 -672 416 -672 0 1000
w 560 -672 464 -672 0
g 528 -656 528 -640 0
g 496 -656 496 -640 0
t 560 -672 528 -672 0 -1 0.213788175441928 -0.21376189419736005 100
160 512 -720 512 -688 0 20 10000000000
t 464 -672 496 -672 0 1 -4.136211035669623 0.213788175441928 100
r 512 -720 432 -720 0 1000
r 560 -720 512 -720 0 1000
r 560 -752 432 -752 0 1000
a 560 -736 656 -736 8 15 -15 1000000 4.349955719774376 4.349999218888772 100000
w 1296 -320 1360 -320 0
R 1216 -304 1216 -272 0 0 40 0.6 0 0 0.5
w 1296 -368 1296 -320 0
w 1216 -368 1216 -336 0
r 1216 -368 1296 -368 0 1000
r 1168 -336 1216 -336 0 1000
a 1216 -320 1296 -320 8 15 -15 1000000 0.6000025831179578 0.6 100000
w 1168 -384 1168 -336 0
w 1088 -384 1168 -384 0
w 1088 -352 1088 -384 0
a 1088 -336 1168 -336 8 15 -15 1000000 1.3333200001333319 1.3333333333333333 100000
208 560 -240 592 -240 0 default 0 5
L 560 -208 544 -208 2 0 false 5 0
L 560 -176 544 -176 2 0 false 5 0
208 560 -352 592 -352 0 default 0 5
208 560 -464 592 -464 0 default 5 0
208 560 -576 592 -576 0 default 5 5
w 656 -240 560 -288 0
L 560 -320 544 -320 2 0 false 5 0
L 560 -432 544 -432 2 1 false 5 0
L 560 -544 544 -544 2 1 false 5 0
w 656 -352 560 -400 0
w 656 -464 560 -512 0
w 560 -576 304 -576 0
w 560 -464 320 -464 0
w 560 -352 528 -352 0
w 336 -384 528 -384 0
w 528 -384 528 -352 0
w 560 -240 352 -240 0
w 800 -448 848 -448 0
w 928 -432 960 -288 0
w 928 -352 960 -256 0
w 928 -272 960 -224 0
w 800 -288 848 -288 0
w 800 -368 800 -288 0
w 800 -368 848 -368 0
w 800 -448 800 -368 0
w 736 -256 848 -256 0
w 736 -336 848 -336 0
w 736 -416 848 -416 0
154 848 -272 928 -272 0 2 0 5
154 848 -352 928 -352 0 2 0 5
154 848 -432 928 -432 0 2 5 5
w 1056 -320 1088 -320 0
R 1056 -224 1056 -192 0 0 40 5 0 0 0.5
166 960 -320 992 -320 0 4
w 656 -208 736 -208 0
w 736 -208 736 -256 0
w 656 -320 736 -320 0
w 736 -320 736 -336 0
w 656 -432 656 -416 0
w 656 -416 736 -416 0
w 656 -544 800 -544 0
w 800 -544 800 -448 0
g 960 -320 960 -352 0
w 384 624 176 624 0
w 352 -240 352 448 0
w 336 -384 336 304 0
w 320 -464 320 224 0
w 304 -576 304 112 0
w 384 624 384 -672 0
w 32 -64 32 -752 0
o 99 64 0 4098 1.25 0.1 0 1
o 205 64 0 4098 2.5 0.1 0 1
