$ 3 0.000005 10.20027730826997 50 5 50
156 80 272 128 272 0 0
156 208 272 240 272 0 5
156 336 272 368 272 0 0
156 464 272 480 272 0 5
w 464 272 448 272 0
w 448 272 448 336 0
w 448 336 464 336 0
w 320 336 336 336 0
w 320 336 320 272 0
w 320 272 336 272 0
w 208 272 192 272 0
w 192 272 192 336 0
w 192 336 208 336 0
w 80 272 64 272 0
w 64 272 64 336 0
w 64 336 80 336 0
w 560 272 560 88 0
w 432 272 432 112 0
w 176 272 176 160 0
R 64 272 32 272 0 0 40 5 0 0 0.5
w 80 304 80 384 0
w 176 272 192 272 0
w 80 384 208 384 0
w 208 384 208 304 0
w 336 304 336 384 0
w 336 384 208 384 0
w 336 384 464 384 0
w 464 384 464 304 0
150 336 200 336 272 1 2 0 5
w 304 272 304 136 0
w 304 136 328 136 0
w 328 136 328 200 0
w 344 160 344 200 0
w 176 160 344 160 0
150 464 200 464 272 1 3 0 5
w 344 160 472 160 0
w 472 160 472 200 0
w 328 136 464 136 0
w 464 136 464 200 0
w 432 112 456 112 0
w 456 112 456 200 0
r 576 136 632 136 0 2000
r 576 160 632 160 0 2000
r 576 112 632 112 0 2000
r 576 88 632 88 0 2000
w 560 88 576 88 0
w 456 112 576 112 0
w 464 136 576 136 0
w 472 160 576 160 0
r 712 96 712 152 0 1000
w 632 112 688 112 0
w 688 96 712 96 0
w 712 152 688 152 0
w 688 152 688 136 0
w 688 136 632 136 0
w 688 112 688 96 0
r 712 152 712 208 0 1000
r 712 96 712 40 0 1000
w 632 88 672 88 0
w 672 88 672 40 0
w 672 40 712 40 0
w 712 208 680 208 0
w 680 208 680 160 0
w 680 160 632 160 0
r 712 208 712 264 0 2000
g 712 264 712 280 0
a 768 56 848 56 8 15 -15 1000000 0.00006290165775738851 0 100000
r 768 -16 848 -16 0 2000
w 712 40 768 40 0
w 768 40 768 -16 0
w 848 -16 848 56 0
g 768 72 768 104 0
w 848 56 864 56 0
a -88 40 -8 40 8 15 -15 1000000 -0.000010089249194608319 0 100000
c -88 -8 -8 -8 0 0.000009999999999999999 -1.0089350087100264
r -152 24 -88 24 0 1000
g -88 56 -88 64 0
a -8 56 80 56 8 15 -15 1000000 1.0089249194608318 1.3636395869515225 100000
r -8 120 -8 176 0 1000
r -8 120 80 120 0 10000
w 80 120 80 104 0
w -8 120 -8 72 0
w -8 -8 -8 40 0
w -88 -8 -88 24 0
g -8 176 -8 184 0
w 80 56 96 56 0
a -232 24 -152 24 8 15 -15 1000000 0.02221442494554022 0.022164869234039132 100000
r -232 8 -328 8 0 1000
r -232 40 -280 40 0 1000
r -280 40 -328 40 0 1000
w -328 40 -328 8 0
t -256 104 -280 104 0 1 0.6637943955639255 0.6859592647979644 100
g -280 120 -280 144 0
w -280 40 -280 88 0
r -256 104 -184 104 0 1000
w -184 104 80 104 0
w 80 104 80 56 0
172 -328 8 -328 -32 0 7 5 5 0 0 0.5 Voltage
r -232 -32 -152 -32 0 1000
w -152 -32 -152 24 0
w -232 -32 -232 8 0
t 0 408 32 408 0 1 0.6637943955639254 0.6859592647979644 100
r 32 392 32 336 0 1000
r 0 408 0 336 0 1000
w 0 336 0 224 0
w 0 224 80 224 0
w 80 224 80 120 0
w 32 336 64 336 0
w 32 392 80 392 0
w 80 392 80 384 0
g 32 424 32 440 0
r 768 -16 696 -16 0 50000
w 696 -16 -8 -24 0
w -8 -24 -8 -8 0
o 72 64 0 4099 10 0.00009765625 0 2 72 3
o 85 64 0 4099 20 0.00009765625 0 2 85 3
