$ 3 0.000005 10.20027730826997 50 5 50
156 80 272 128 272 0 0
w 80 272 64 272 0
w 64 272 64 336 0
w 64 336 80 336 0
M 768 88 1040 88 2 2.5
R 64 272 32 272 0 0 40 5 0 0 0.5
R 80 408 -64 408 1 2 200 2.5 2.5 0 0.5
w 80 304 80 408 0
w 176 160 344 160 0
M 344 160 1040 160 2 2.5
M 368 136 1040 136 2 2.5
M 568 112 1040 112 2 2.5
150 176 232 224 232 1 2 0 5
152 224 272 272 272 1 2 0 5
156 272 272 416 272 0 5
w 224 232 224 264 0
150 176 344 224 344 1 2 0 5
w 224 344 224 280 0
L 0 336 -48 336 0 1 false 5 0
w 0 336 0 224 0
w 0 224 176 224 0
w 0 336 0 368 0
I 0 368 64 368 0 0.5 5
w 64 368 176 368 0
w 176 352 176 368 0
w 80 408 248 408 0
w 248 408 248 304 0
w 248 304 272 304 0
w 272 272 272 336 0
w 176 160 176 224 0
w 176 240 176 272 0
150 384 232 424 232 1 2 0 5
w 224 224 384 224 0
w 384 240 368 240 0
w 368 240 368 272 0
w 368 240 368 136 0
156 472 272 616 272 0 5
152 424 272 472 272 1 2 0 5
150 368 344 424 344 1 2 0 5
w 424 280 424 344 0
w 424 232 424 264 0
w 248 408 456 408 0
w 368 368 368 352 0
w 472 272 472 336 0
w 456 304 456 408 0
w 456 304 472 304 0
w 224 344 224 368 0
w 224 368 368 368 0
w 424 368 568 368 0
w 968 64 968 272 0
w 656 304 672 304 0
w 656 304 656 408 0
w 672 272 672 336 0
w 568 368 568 352 0
w 456 408 656 408 0
w 624 232 624 264 0
w 624 280 624 344 0
150 568 344 624 344 1 2 0 5
152 624 272 672 272 1 2 0 5
156 672 272 816 272 0 5
w 568 240 568 112 0
w 584 240 568 240 0
w 424 224 584 224 0
150 584 232 624 232 1 2 0 5
w 568 272 568 240 0
w 424 344 424 368 0
x -89 311 -8 314 4 18 Up/Down
w 768 272 768 240 0
150 784 232 824 232 1 2 0 5
w 624 224 784 224 0
w 784 240 768 240 0
w 768 240 768 88 0
156 872 272 1016 272 0 5
152 824 272 872 272 1 2 0 5
150 768 344 824 344 1 2 0 5
w 824 280 824 344 0
w 824 232 824 264 0
w 656 408 856 408 0
w 768 368 768 352 0
w 872 272 872 336 0
w 856 304 856 408 0
w 856 304 872 304 0
w 624 368 768 368 0
w 624 232 624 224 0
M 968 64 1040 64 2 2.5
w 624 368 624 344 0
w 224 224 224 232 0
w 424 224 424 232 0
