$ 3 0.000005 10.20027730826997 50 5 50
156 80 272 128 272 0 5
156 208 272 240 272 0 0
156 336 272 368 272 0 0
156 464 272 480 272 0 5
w 464 272 448 272 0
w 448 272 448 336 0
w 448 336 464 336 0
w 320 336 336 336 0
w 320 336 320 272 0
w 320 272 336 272 0
w 208 272 192 272 0
w 192 272 192 336 0
w 192 336 208 336 0
w 80 272 64 272 0
w 64 272 64 336 0
w 64 336 80 336 0
w 560 272 560 88 0
w 432 272 432 112 0
w 176 272 176 160 0
R 64 272 32 272 0 0 40 5 0 0 0.5
w 80 304 80 384 0
w 176 272 192 272 0
w 80 384 208 384 0
w 208 384 208 304 0
w 336 304 336 384 0
w 336 384 208 384 0
w 336 384 464 384 0
w 464 384 464 304 0
150 336 200 336 272 1 2 0 5
w 304 272 304 136 0
w 304 136 328 136 0
w 328 136 328 200 0
w 344 160 344 200 0
w 176 160 344 160 0
150 464 200 464 272 1 3 0 5
w 344 160 472 160 0
w 472 160 472 200 0
w 328 136 464 136 0
w 464 136 464 200 0
w 432 112 456 112 0
w 456 112 456 200 0
r 576 136 632 136 0 2000
r 576 160 632 160 0 2000
r 576 112 632 112 0 2000
r 576 88 632 88 0 2000
w 560 88 576 88 0
w 456 112 576 112 0
w 464 136 576 136 0
w 472 160 576 160 0
r 712 96 712 152 0 1000
w 632 112 688 112 0
w 688 96 712 96 0
w 712 152 688 152 0
w 688 152 688 136 0
w 688 136 632 136 0
w 688 112 688 96 0
r 712 152 712 208 0 1000
r 712 96 712 40 0 1000
w 632 88 672 88 0
w 672 88 672 40 0
w 672 40 712 40 0
w 712 208 680 208 0
w 680 208 680 160 0
w 680 160 632 160 0
r 712 208 712 264 0 2000
g 712 264 712 280 0
a 768 56 848 56 8 15 -15 1000000 0.00005624831255062348 0 100000
r 768 -16 848 -16 0 2000
w 712 40 768 40 0
w 768 40 768 -16 0
w 848 -16 848 56 0
g 768 72 768 104 0
w 848 56 864 56 0
a -224 144 -144 144 8 15 -15 1000000 0 0 100000
c -224 96 -144 96 0 0.00001 7.233e-321
r -288 128 -224 128 0 1000
g -224 160 -224 168 0
a -144 160 -56 160 8 15 -15 1000000 -7.233e-321 -7.233e-321 100000
r -144 224 -144 280 0 4000
r -144 224 -56 224 0 10000
w -56 224 -56 160 0
w -144 224 -144 176 0
w -144 96 -144 144 0
w -224 96 -224 128 0
g -144 280 -144 288 0
w -56 48 -288 48 0
w -288 128 -288 48 0
w -56 48 -56 160 0
R 80 384 32 384 1 2 400 2.5 2.5 0 0.5
o 72 64 0 4099 20 0.00009765625 0 2 72 3
