$ 3 0.000005 10.20027730826997 50 5 50
156 -560 -16 -512 -16 0 5
156 -432 -16 -400 -16 0 5
156 -304 -16 -272 -16 0 5
156 -176 -16 -160 -16 0 0
w -176 -16 -192 -16 0
w -192 -16 -192 48 0
w -192 48 -176 48 0
w -320 48 -304 48 0
w -320 48 -320 -16 0
w -320 -16 -304 -16 0
w -432 -16 -448 -16 0
w -448 -16 -448 48 0
w -448 48 -432 48 0
w -560 -16 -576 -16 0
w -576 -16 -576 48 0
w -576 48 -560 48 0
w -80 -16 -80 -96 0
w -208 -16 -208 -176 0
w -464 -16 -464 -128 0
R -576 -16 -608 -16 0 0 40 5 0 0 0.5
w -560 16 -560 96 0
w -464 -16 -448 -16 0
w -560 96 -432 96 0
w -432 96 -432 16 0
w -304 16 -304 96 0
w -304 96 -432 96 0
w -304 96 -176 96 0
w -176 96 -176 16 0
150 -304 -88 -304 -16 1 2 5 5
w -336 -16 -336 -152 0
w -336 -152 -312 -152 0
w -312 -152 -312 -88 0
w -296 -128 -296 -88 0
w -464 -128 -296 -128 0
150 -176 -88 -176 -16 1 3 5 5
w -296 -128 -168 -128 0
w -168 -128 -168 -88 0
w -312 -152 -176 -152 0
w -176 -152 -176 -88 0
w -208 -176 -184 -176 0
w -184 -176 -184 -88 0
r -64 -152 -8 -152 0 2000
r -64 -128 -8 -128 0 2000
r -64 -176 -8 -176 0 2000
w -184 -176 -128 -176 0
w -176 -152 -128 -152 0
w -168 -128 -128 -128 0
r 72 -192 72 -136 0 1000
w -8 -176 48 -176 0
w 48 -192 72 -192 0
w 72 -136 48 -136 0
w 48 -136 48 -152 0
w 48 -152 -8 -152 0
w 48 -176 48 -192 0
r 72 -136 72 -80 0 1000
w 72 -192 72 -248 0
w 72 -80 40 -80 0
w 40 -80 40 -128 0
w 40 -128 -8 -128 0
r 72 -80 72 -24 0 2000
g 72 -24 72 -8 0
a 128 -232 208 -232 8 15 -15 1000000 1.4500467128591512 1.45 100000
r 128 -304 208 -304 0 2000
w 72 -248 128 -248 0
w 128 -248 128 -304 0
w 208 -304 208 -232 0
w 208 -232 224 -232 0
a -728 -248 -648 -248 8 15 -15 1000000 0.000010142228499042401 0 100000
c -728 -296 -648 -296 0 0.000001 1.014232992132739
r -792 -264 -728 -264 0 1000
g -728 -232 -728 -224 0
a -648 -232 -560 -232 8 15 -15 1000000 -1.01422284990424 2.1429022425013198 100000
r -648 -168 -648 -112 0 1000
r -648 -168 -560 -168 0 6000
w -560 -168 -560 -184 0
w -648 -168 -648 -216 0
w -648 -296 -648 -248 0
w -728 -296 -728 -264 0
g -648 -112 -648 -104 0
w -560 -232 -544 -232 0
a -872 -264 -792 -264 8 15 -15 1000000 0.020103135461214307 0.02007903752392353 100000
r -872 -280 -968 -280 0 2000
r -872 -248 -920 -248 0 1000
r -920 -248 -968 -248 0 1000
w -968 -248 -968 -280 0
t -896 -184 -920 -184 0 1 0.6638447460717314 0.6839237835956549 100
g -920 -168 -920 -144 0
w -920 -248 -920 -200 0
r -896 -184 -824 -184 0 1000
w -824 -184 -560 -184 0
w -560 -184 -560 -232 0
172 -968 -280 -968 -320 0 7 2.45 5 0 0 0.5 Voltage
r -872 -320 -792 -320 0 2000
w -792 -320 -792 -264 0
w -872 -320 -872 -280 0
t -640 120 -608 120 0 1 -20.000119648765533 -15.000119648885532 100
r -608 104 -608 48 0 1000
r -640 120 -640 48 0 1000
w -640 -64 -624 0 0
w -640 -64 -560 -64 0
w -560 -64 -560 -168 0
w -608 48 -576 48 0
w -608 104 -560 104 0
w -560 104 -560 96 0
g -608 136 -608 152 0
r 128 -304 56 -304 0 8000
w 56 -304 -136 -304 0
w -496 -296 -648 -296 0
w -400 -336 -400 -296 0
r -400 -336 -320 -336 0 2000
r -560 -184 -496 -184 0 1000
g -448 -200 -448 -160 0
w -496 -264 -496 -296 0
r -448 -264 -496 -264 0 1000
r -400 -264 -448 -264 0 1000
r -400 -296 -496 -296 0 2000
a -400 -280 -320 -280 8 15 -15 1000000 -1.0142126046628412 -1.0142227466864355 100000
w -320 -336 -320 -280 0
w -496 -184 -496 -216 0
w -320 -336 -136 -336 0
w -136 -336 -136 -304 0
t -496 -216 -464 -216 0 -1 0.6818207349985164 1.696043481684898 100
154 -112 -176 -64 -176 1 2 5 5
154 -112 -152 -64 -152 1 2 5 5
154 -112 -128 -64 -128 1 2 5 5
w -128 -128 -128 -136 0
w -128 -136 -112 -136 0
w -128 -152 -128 -160 0
w -128 -160 -112 -160 0
w -128 -176 -128 -184 0
w -128 -184 -112 -184 0
w -112 -168 -112 -144 0
w -112 -144 -112 -120 0
w -80 -96 -112 -96 0
w -112 -96 -112 -120 0
172 128 -216 128 -176 0 7 1.45 5 0 0 0.5 Voltage
160 -448 -264 -448 -232 0 20 10000000000
t -416 -216 -432 -216 0 1 0.6638924832685136 0.6818207349985164 100
w -464 -200 -448 -200 0
w -448 -200 -432 -200 0
w -416 -216 -496 -216 0
w -112 -168 -112 -248 0
w -432 -248 -112 -248 0
w -904 -40 -904 0 0
r -904 -40 -824 -40 0 2000
r -928 96 -856 96 0 1000
w -952 32 -952 80 0
g -952 112 -952 136 0
t -928 96 -952 96 0 1 0.6639128128951574 0.680873958777624 100
w -1000 32 -1000 0 0
r -952 32 -1000 32 0 1000
r -904 32 -952 32 0 1000
r -904 0 -1000 0 0 2000
a -904 16 -824 16 8 15 -15 1000000 0.01695066464067482 0.016961145882466677 100000
w -824 -40 -824 16 0
w -640 -64 -688 -64 0
w -688 -64 -688 96 0
w -648 -248 -648 -232 0
w -648 -232 -672 -232 0
w -672 -232 -672 -72 0
w -672 -72 -1000 -72 0
w -1000 -72 -1000 0 0
w -824 16 -808 16 0
a -808 32 -728 32 8 15 -15 1000000 1.0481241791855893 -0.14851603612892605 100000
w -688 96 -856 96 0
r -808 80 -808 128 0 1000
r -808 80 -728 80 0 100000
w -728 80 -728 32 0
w -808 80 -808 48 0
g -808 128 -808 136 0
w -728 32 -656 0 0
S -640 48 -640 0 0 0 false 0 2
154 -40 -248 8 -248 1 2 5 5
r 8 -248 72 -248 0 8000
w -40 -240 -32 96 0
w -32 96 -176 96 0
w -40 -256 -112 -256 0
w -112 -256 -112 -248 0
o 66 64 0 4099 20 0.00009765625 0 2 66 3
