$ 3 5.0E-6 10.20027730826997 50 5.0 50
156 568 472 616 472 0 0.0
156 696 472 728 472 0 5.0
156 824 472 856 472 0 0.0
156 952 472 968 472 0 5.0
w 952 472 936 472 0
w 936 472 936 536 0
w 936 536 952 536 0
w 808 536 824 536 0
w 808 536 808 472 0
w 808 472 824 472 0
w 696 472 680 472 0
w 680 472 680 536 0
w 680 536 696 536 0
w 568 472 552 472 0
w 552 472 552 536 0
w 552 536 568 536 0
w 1048 472 1048 392 0
w 920 472 920 312 0
w 664 472 664 360 0
R 552 472 520 472 0 0 40.0 5.0 0.0 0.0 0.5
w 568 504 568 584 0
w 664 472 680 472 0
w 568 584 696 584 0
w 696 584 696 504 0
w 824 504 824 584 0
w 824 584 696 584 0
w 824 584 952 584 0
w 952 584 952 504 0
150 824 400 824 472 1 2 0.0
w 792 472 792 336 0
w 792 336 816 336 0
w 816 336 816 400 0
w 832 360 832 400 0
w 664 360 832 360 0
150 952 400 952 472 1 3 0.0
w 832 360 960 360 0
w 960 360 960 400 0
w 816 336 952 336 0
w 952 336 952 400 0
w 920 312 944 312 0
w 944 312 944 400 0
r 1064 336 1120 336 0 2000.0
r 1064 360 1120 360 0 2000.0
r 1064 312 1120 312 0 2000.0
w 944 312 1000 312 0
w 952 336 1000 336 0
w 960 360 1000 360 0
r 1200 296 1200 352 0 1000.0
w 1120 312 1176 312 0
w 1176 296 1200 296 0
w 1200 352 1176 352 0
w 1176 352 1176 336 0
w 1176 336 1120 336 0
w 1176 312 1176 296 0
r 1200 352 1200 408 0 1000.0
w 1200 296 1200 240 0
w 1200 408 1168 408 0
w 1168 408 1168 360 0
w 1168 360 1120 360 0
r 1200 408 1200 464 0 2000.0
g 1200 464 1200 480 0
a 1256 256 1336 256 8 15.0 -15.0 1000000.0
r 1256 184 1336 184 0 2000.0
w 1200 240 1256 240 0
w 1256 240 1256 184 0
w 1336 184 1336 256 0
w 1336 256 1352 256 0
a 400 240 480 240 8 15.0 -15.0 1000000.0
c 400 192 480 192 0 1.0E-6 1.795519896006559
r 336 224 400 224 0 1000.0
g 400 256 400 264 0
a 480 256 568 256 8 15.0 -15.0 1000000.0
r 480 320 480 376 0 1000.0
r 480 320 568 320 0 6000.0
w 568 320 568 304 0
w 480 320 480 272 0
w 480 192 480 240 0
w 400 192 400 224 0
g 480 376 480 384 0
w 568 256 584 256 0
a 256 224 336 224 8 15.0 -15.0 1000000.0
r 256 208 160 208 0 2000.0
r 256 240 208 240 0 1000.0
r 208 240 160 240 0 1000.0
w 160 240 160 208 0
t 232 304 208 304 0 1 -17.700034720866203 -15.000034720966202 100.0
g 208 320 208 344 0
w 208 240 208 288 0
r 232 304 304 304 0 1000.0
w 304 304 568 304 0
w 568 304 568 256 0
172 160 208 160 168 0 6 2.7 5.0 0.0 0.0 0.5 Voltage
r 256 168 336 168 0 2000.0
w 336 168 336 224 0
w 256 168 256 208 0
t 488 608 520 608 0 1 0.65896350349319 0.6633147072127332 100.0
r 520 592 520 536 0 1000.0
r 488 608 488 536 0 1000.0
w 488 424 504 488 0
w 488 424 568 424 0
w 568 424 568 320 0
w 520 536 552 536 0
w 520 592 568 592 0
w 568 592 568 584 0
g 520 624 520 640 0
r 1256 184 1184 184 0 8000.0
w 1184 184 992 184 0
w 632 192 480 192 0
w 728 152 728 192 0
r 728 152 808 152 0 2000.0
r 568 304 632 304 0 1000.0
g 680 288 680 328 0
w 632 224 632 192 0
r 680 224 632 224 0 1000.0
r 728 224 680 224 0 1000.0
r 728 192 632 192 0 2000.0
a 728 208 808 208 8 15.0 -15.0 1000000.0
w 808 152 808 208 0
w 632 304 632 272 0
w 808 152 992 152 0
w 992 152 992 184 0
t 632 272 664 272 0 -1 -0.6597915206408764 -0.642462840917167 100.0
154 1016 312 1064 312 1 2 5.0
154 1016 336 1064 336 1 2 0.0
154 1016 360 1064 360 1 2 5.0
w 1000 360 1000 352 0
w 1000 352 1016 352 0
w 1000 336 1000 328 0
w 1000 328 1016 328 0
w 1000 312 1000 304 0
w 1000 304 1016 304 0
w 1016 320 1016 344 0
w 1016 344 1016 368 0
w 1048 392 1016 392 0
w 1016 392 1016 368 0
172 1256 272 1256 312 0 6 1.5 5.0 0.0 0.0 0.5 Voltage
160 680 224 680 256 0 20.0 1.0E10
t 712 272 696 272 0 1 0.5612913035495932 -0.6597915206408764 100.0
w 664 288 680 288 0
w 680 288 696 288 0
w 712 272 632 272 0
w 1016 320 1016 240 0
w 696 240 1016 240 0
w 224 448 224 488 0
r 224 448 304 448 0 2000.0
r 200 584 272 584 0 1000.0
w 176 520 176 568 0
g 176 600 176 624 0
t 200 584 176 584 0 1 -13.204532779879054 -15.000034720966203 100.0
w 128 520 128 488 0
r 176 520 128 520 0 1000.0
r 224 520 176 520 0 1000.0
r 224 488 128 488 0 2000.0
a 224 504 304 504 8 15.0 -15.0 1000000.0
w 304 448 304 504 0
w 488 424 440 424 0
w 440 424 440 584 0
w 480 240 480 256 0
w 480 256 456 256 0
w 456 256 456 416 0
w 456 416 128 416 0
w 128 416 128 488 0
w 304 504 320 504 0
a 320 520 400 520 8 15.0 -15.0 1000000.0
w 440 584 272 584 0
r 320 568 320 616 0 1000.0
r 320 568 400 568 0 100000.0
w 400 568 400 520 0
w 320 568 320 536 0
g 320 616 320 624 0
w 400 520 472 488 0
S 488 536 488 488 0 0 false 0
r 1200 240 1144 240 0 8000.0
154 1096 240 1144 240 1 2 5.0
w 1096 248 1088 248 0
w 1088 248 1088 584 0
w 1088 584 952 584 0
w 1096 232 1016 232 0
w 1016 232 1016 240 0
o 66 64 0 35 20.0 9.765625E-5 0 -1 2 66 3
o 119 64 0 34 5.0 3.90625E-4 0 -1
